Number of itemsets: 2556
Computation time: 280143682 Nano seconds

[9, 10]
[32, 10]
[32, 9]
[37, 9]
[36, 10]
[38, 9]
[37, 10]
[36, 9]
[10, 41]
[9, 41]
[39, 10]
[39, 9]
[38, 10]
[10, 45]
[9, 45]
[49, 10]
[49, 9]
[48, 10]
[48, 9]
[10, 47]
[9, 47]
[32, 36]
[9, 60]
[32, 37]
[10, 60]
[32, 38]
[32, 39]
[67, 9]
[39, 37]
[67, 10]
[68, 9]
[32, 45]
[38, 39]
[36, 41]
[68, 10]
[37, 41]
[32, 47]
[38, 41]
[32, 41]
[36, 37]
[65, 9]
[38, 36]
[65, 10]
[38, 37]
[39, 36]
[38, 47]
[49, 36]
[48, 37]
[39, 45]
[48, 36]
[37, 47]
[49, 38]
[48, 39]
[41, 45]
[48, 38]
[39, 47]
[49, 37]
[49, 32]
[36, 45]
[32, 48]
[39, 41]
[38, 45]
[36, 47]
[37, 45]
[48, 45]
[47, 45]
[32, 60]
[48, 47]
[49, 45]
[48, 41]
[41, 47]
[49, 39]
[49, 41]
[65, 37]
[38, 65]
[36, 67]
[68, 32]
[41, 60]
[65, 36]
[9, 89]
[38, 60]
[10, 89]
[32, 67]
[39, 60]
[49, 47]
[36, 60]
[49, 48]
[32, 65]
[37, 60]
[65, 45]
[101, 9]
[101, 10]
[48, 60]
[67, 41]
[49, 60]
[68, 41]
[65, 41]
[68, 38]
[39, 67]
[47, 60]
[68, 39]
[65, 39]
[68, 36]
[67, 37]
[60, 45]
[38, 67]
[68, 37]
[110, 9]
[68, 49]
[68, 48]
[49, 67]
[48, 67]
[68, 47]
[10, 105]
[49, 65]
[67, 47]
[9, 105]
[48, 65]
[68, 45]
[67, 45]
[65, 47]
[67, 60]
[117, 10]
[38, 89]
[117, 9]
[37, 89]
[65, 60]
[36, 89]
[32, 89]
[110, 10]
[48, 89]
[32, 105]
[101, 36]
[89, 47]
[101, 38]
[49, 89]
[101, 37]
[36, 105]
[101, 39]
[38, 105]
[101, 41]
[32, 110]
[37, 105]
[68, 60]
[39, 89]
[41, 89]
[68, 65]
[10, 123]
[32, 101]
[65, 67]
[9, 123]
[68, 67]
[89, 45]
[47, 105]
[48, 105]
[117, 36]
[65, 89]
[49, 105]
[117, 37]
[110, 45]
[32, 123]
[117, 38]
[67, 89]
[117, 39]
[68, 89]
[110, 47]
[48, 110]
[117, 41]
[49, 110]
[36, 123]
[39, 105]
[101, 45]
[41, 105]
[36, 110]
[37, 110]
[101, 47]
[38, 110]
[89, 60]
[101, 48]
[117, 32]
[39, 110]
[49, 101]
[105, 45]
[110, 41]
[48, 123]
[161, 10]
[65, 105]
[110, 60]
[123, 47]
[9, 161]
[68, 101]
[101, 67]
[123, 45]
[65, 110]
[68, 105]
[67, 105]
[49, 123]
[117, 45]
[152, 10]
[39, 123]
[101, 60]
[152, 9]
[38, 123]
[37, 123]
[101, 65]
[117, 49]
[105, 60]
[117, 48]
[155, 10]
[117, 47]
[41, 123]
[155, 9]
[32, 155]
[178, 9]
[117, 67]
[152, 32]
[68, 117]
[101, 89]
[67, 123]
[152, 38]
[68, 123]
[155, 36]
[152, 39]
[65, 123]
[152, 36]
[179, 9]
[178, 10]
[152, 37]
[179, 10]
[68, 110]
[170, 9]
[67, 110]
[117, 60]
[117, 65]
[123, 60]
[170, 10]
[49, 155]
[170, 37]
[101, 105]
[117, 89]
[170, 36]
[161, 45]
[152, 49]
[155, 45]
[152, 48]
[39, 161]
[48, 155]
[155, 47]
[170, 32]
[161, 41]
[152, 45]
[36, 161]
[155, 41]
[186, 10]
[110, 89]
[152, 47]
[38, 161]
[37, 161]
[155, 38]
[152, 41]
[32, 161]
[155, 37]
[186, 9]
[185, 10]
[89, 105]
[155, 39]
[185, 9]
[179, 41]
[155, 65]
[68, 152]
[185, 36]
[161, 60]
[117, 105]
[155, 67]
[186, 36]
[185, 37]
[178, 45]
[68, 155]
[185, 38]
[186, 37]
[38, 178]
[37, 179]
[152, 65]
[9, 208]
[170, 47]
[32, 185]
[38, 179]
[39, 178]
[117, 101]
[10, 208]
[170, 48]
[186, 32]
[39, 179]
[178, 41]
[152, 67]
[170, 49]
[123, 89]
[152, 60]
[36, 178]
[110, 105]
[155, 60]
[170, 45]
[36, 179]
[37, 178]
[170, 38]
[161, 47]
[170, 39]
[48, 161]
[201, 9]
[32, 178]
[49, 161]
[101, 110]
[201, 10]
[170, 41]
[32, 179]
[179, 60]
[201, 38]
[178, 60]
[68, 170]
[201, 37]
[170, 67]
[201, 36]
[186, 49]
[10, 225]
[170, 65]
[49, 185]
[186, 48]
[9, 225]
[110, 123]
[185, 48]
[186, 47]
[32, 201]
[185, 47]
[186, 45]
[185, 45]
[170, 60]
[68, 161]
[123, 105]
[49, 179]
[67, 161]
[117, 110]
[48, 179]
[49, 178]
[186, 41]
[48, 178]
[179, 47]
[185, 41]
[65, 161]
[178, 47]
[186, 39]
[101, 123]
[179, 45]
[186, 38]
[185, 39]
[68, 186]
[208, 47]
[185, 67]
[10, 242]
[68, 185]
[186, 67]
[208, 45]
[152, 101]
[185, 65]
[49, 201]
[161, 89]
[186, 65]
[9, 242]
[201, 47]
[48, 201]
[41, 208]
[67, 179]
[68, 178]
[186, 60]
[201, 45]
[237, 9]
[38, 208]
[68, 179]
[237, 10]
[39, 208]
[65, 179]
[155, 89]
[36, 208]
[67, 178]
[185, 60]
[37, 208]
[201, 41]
[65, 178]
[117, 123]
[32, 208]
[201, 39]
[152, 89]
[67, 208]
[186, 89]
[152, 123]
[170, 105]
[237, 38]
[185, 89]
[49, 225]
[264, 10]
[32, 242]
[237, 37]
[65, 208]
[48, 225]
[9, 264]
[237, 36]
[47, 225]
[117, 155]
[101, 178]
[9, 270]
[37, 242]
[237, 41]
[117, 161]
[155, 123]
[36, 242]
[68, 208]
[237, 39]
[178, 105]
[41, 242]
[237, 45]
[32, 249]
[39, 242]
[101, 179]
[10, 270]
[170, 110]
[32, 248]
[38, 242]
[186, 101]
[242, 45]
[170, 117]
[255, 32]
[38, 249]
[39, 248]
[101, 185]
[237, 49]
[38, 248]
[249, 37]
[225, 60]
[237, 48]
[36, 249]
[248, 37]
[179, 105]
[237, 47]
[161, 123]
[248, 36]
[248, 10]
[249, 9]
[249, 10]
[170, 89]
[48, 208]
[101, 155]
[49, 208]
[152, 105]
[248, 9]
[32, 225]
[101, 161]
[152, 110]
[37, 225]
[38, 225]
[155, 105]
[201, 60]
[36, 225]
[201, 65]
[41, 225]
[161, 105]
[178, 89]
[255, 9]
[39, 225]
[155, 110]
[255, 10]
[225, 45]
[260, 10]
[110, 161]
[170, 101]
[201, 67]
[208, 60]
[179, 89]
[68, 201]
[152, 117]
[260, 9]
[237, 32]
[68, 237]
[264, 41]
[260, 45]
[237, 67]
[255, 49]
[65, 242]
[260, 47]
[152, 155]
[37, 270]
[201, 105]
[36, 270]
[101, 208]
[67, 242]
[249, 60]
[186, 123]
[264, 45]
[49, 260]
[39, 270]
[248, 60]
[185, 123]
[48, 260]
[38, 270]
[201, 110]
[264, 47]
[41, 270]
[68, 242]
[208, 105]
[65, 248]
[49, 264]
[152, 161]
[48, 264]
[248, 67]
[255, 60]
[270, 45]
[89, 225]
[65, 249]
[68, 249]
[270, 47]
[249, 67]
[68, 248]
[155, 161]
[310, 9]
[49, 270]
[110, 208]
[117, 201]
[32, 286]
[48, 270]
[110, 178]
[39, 249]
[110, 179]
[242, 47]
[248, 41]
[65, 225]
[201, 89]
[185, 105]
[48, 242]
[249, 41]
[49, 242]
[186, 105]
[255, 36]
[67, 225]
[32, 260]
[255, 37]
[68, 225]
[248, 45]
[170, 123]
[255, 38]
[249, 45]
[255, 39]
[117, 178]
[185, 110]
[248, 47]
[9, 286]
[117, 179]
[48, 248]
[186, 110]
[249, 47]
[255, 41]
[32, 264]
[36, 260]
[10, 286]
[208, 89]
[237, 60]
[48, 249]
[49, 248]
[260, 37]
[49, 249]
[38, 260]
[39, 260]
[255, 45]
[36, 264]
[178, 123]
[37, 264]
[260, 41]
[237, 65]
[101, 201]
[242, 60]
[179, 123]
[117, 185]
[255, 47]
[38, 264]
[32, 270]
[255, 48]
[186, 117]
[39, 264]
[101, 242]
[334, 9]
[117, 225]
[237, 105]
[32, 310]
[186, 155]
[185, 155]
[179, 161]
[178, 161]
[237, 101]
[249, 89]
[186, 152]
[68, 270]
[248, 89]
[152, 185]
[67, 270]
[65, 286]
[310, 41]
[101, 249]
[340, 10]
[101, 248]
[260, 89]
[340, 9]
[170, 179]
[39, 310]
[123, 225]
[338, 10]
[170, 178]
[38, 310]
[242, 105]
[237, 110]
[338, 9]
[310, 37]
[186, 161]
[286, 60]
[36, 310]
[185, 161]
[255, 89]
[334, 10]
[101, 225]
[237, 89]
[260, 67]
[41, 286]
[201, 123]
[264, 60]
[38, 286]
[117, 208]
[65, 260]
[170, 155]
[39, 286]
[255, 67]
[152, 170]
[36, 286]
[68, 255]
[37, 286]
[255, 65]
[260, 60]
[310, 10]
[155, 179]
[48, 286]
[110, 225]
[49, 286]
[65, 270]
[68, 264]
[155, 178]
[47, 286]
[225, 105]
[152, 178]
[270, 60]
[123, 208]
[242, 89]
[67, 264]
[152, 179]
[286, 45]
[170, 161]
[68, 260]
[65, 264]
[39, 334]
[249, 123]
[255, 117]
[32, 340]
[38, 334]
[334, 41]
[89, 286]
[365, 10]
[270, 105]
[338, 37]
[65, 310]
[365, 9]
[110, 264]
[338, 36]
[161, 208]
[359, 10]
[264, 105]
[359, 9]
[248, 123]
[186, 185]
[101, 270]
[170, 201]
[37, 334]
[260, 110]
[32, 338]
[36, 334]
[310, 60]
[334, 47]
[340, 41]
[371, 10]
[117, 264]
[201, 179]
[155, 225]
[371, 9]
[110, 270]
[49, 334]
[338, 45]
[260, 123]
[48, 334]
[117, 260]
[152, 225]
[338, 39]
[340, 37]
[67, 310]
[38, 338]
[340, 36]
[201, 178]
[334, 45]
[338, 41]
[340, 39]
[255, 123]
[170, 208]
[340, 38]
[68, 310]
[255, 101]
[155, 201]
[186, 170]
[178, 179]
[310, 47]
[248, 110]
[48, 310]
[117, 242]
[249, 110]
[89, 270]
[49, 310]
[110, 242]
[248, 105]
[264, 89]
[152, 201]
[67, 286]
[249, 105]
[117, 237]
[68, 286]
[170, 185]
[310, 45]
[185, 179]
[186, 178]
[242, 123]
[117, 248]
[255, 110]
[186, 179]
[260, 105]
[101, 264]
[117, 249]
[32, 334]
[255, 105]
[237, 123]
[152, 208]
[101, 260]
[201, 161]
[185, 178]
[155, 208]
[185, 225]
[365, 45]
[249, 161]
[255, 155]
[39, 371]
[186, 225]
[101, 310]
[68, 340]
[49, 359]
[371, 37]
[201, 208]
[248, 161]
[123, 286]
[38, 371]
[49, 365]
[237, 178]
[155, 260]
[310, 105]
[365, 47]
[371, 41]
[152, 260]
[170, 242]
[48, 365]
[32, 381]
[68, 334]
[37, 365]
[338, 65]
[178, 225]
[161, 242]
[155, 248]
[117, 286]
[32, 371]
[38, 365]
[340, 60]
[359, 41]
[152, 248]
[67, 334]
[152, 249]
[36, 365]
[68, 338]
[359, 47]
[365, 41]
[340, 67]
[359, 48]
[152, 255]
[170, 237]
[371, 36]
[179, 225]
[359, 45]
[155, 249]
[39, 365]
[338, 67]
[340, 65]
[170, 225]
[359, 36]
[334, 60]
[186, 208]
[152, 242]
[10, 384]
[185, 208]
[9, 384]
[123, 270]
[237, 155]
[65, 334]
[310, 89]
[338, 60]
[237, 161]
[359, 39]
[155, 242]
[32, 365]
[359, 38]
[110, 286]
[359, 37]
[179, 208]
[49, 338]
[186, 201]
[340, 47]
[101, 286]
[264, 123]
[117, 270]
[178, 208]
[185, 201]
[48, 338]
[161, 225]
[340, 45]
[338, 47]
[286, 105]
[381, 10]
[32, 359]
[381, 9]
[49, 340]
[152, 237]
[340, 48]
[255, 185]
[170, 270]
[101, 340]
[381, 60]
[186, 255]
[155, 286]
[178, 264]
[433, 9]
[338, 105]
[201, 242]
[179, 264]
[433, 10]
[110, 334]
[384, 60]
[237, 208]
[340, 105]
[185, 260]
[65, 381]
[186, 260]
[161, 286]
[67, 365]
[48, 384]
[208, 225]
[68, 365]
[255, 178]
[185, 248]
[49, 384]
[310, 123]
[255, 179]
[185, 249]
[186, 248]
[170, 264]
[101, 334]
[186, 249]
[65, 371]
[371, 67]
[237, 201]
[260, 178]
[152, 286]
[334, 105]
[101, 338]
[68, 371]
[260, 179]
[365, 60]
[161, 264]
[155, 270]
[41, 384]
[255, 170]
[359, 65]
[338, 89]
[68, 359]
[248, 179]
[249, 178]
[185, 242]
[117, 310]
[359, 67]
[201, 225]
[248, 178]
[381, 45]
[340, 89]
[48, 381]
[9, 420]
[384, 45]
[249, 179]
[186, 242]
[381, 47]
[371, 60]
[384, 47]
[161, 270]
[65, 365]
[49, 381]
[170, 260]
[10, 420]
[36, 381]
[237, 179]
[371, 45]
[255, 161]
[152, 264]
[32, 384]
[359, 60]
[48, 371]
[155, 264]
[170, 249]
[38, 381]
[371, 47]
[170, 248]
[37, 381]
[179, 242]
[260, 161]
[37, 384]
[178, 242]
[49, 371]
[36, 384]
[39, 381]
[310, 110]
[334, 89]
[186, 237]
[39, 384]
[237, 185]
[381, 41]
[152, 270]
[38, 384]
[208, 270]
[441, 37]
[433, 45]
[237, 242]
[441, 38]
[117, 359]
[371, 105]
[441, 36]
[249, 225]
[433, 41]
[110, 365]
[101, 371]
[264, 208]
[186, 286]
[39, 433]
[248, 225]
[384, 89]
[441, 32]
[365, 105]
[381, 89]
[37, 433]
[185, 286]
[201, 270]
[38, 433]
[310, 161]
[48, 420]
[260, 208]
[359, 110]
[49, 420]
[36, 433]
[101, 365]
[242, 225]
[420, 47]
[359, 105]
[178, 286]
[420, 45]
[201, 264]
[155, 310]
[179, 286]
[32, 433]
[255, 208]
[340, 123]
[237, 225]
[152, 310]
[338, 123]
[41, 420]
[201, 260]
[359, 101]
[371, 89]
[39, 420]
[38, 420]
[249, 208]
[334, 123]
[117, 340]
[37, 420]
[248, 208]
[255, 201]
[170, 286]
[186, 270]
[36, 420]
[117, 338]
[185, 270]
[365, 89]
[68, 384]
[32, 420]
[117, 334]
[441, 10]
[67, 384]
[242, 208]
[201, 249]
[340, 110]
[186, 264]
[441, 9]
[201, 248]
[68, 381]
[185, 264]
[65, 384]
[179, 270]
[359, 89]
[67, 381]
[338, 110]
[178, 270]
[248, 260]
[441, 67]
[170, 338]
[89, 420]
[260, 249]
[68, 441]
[170, 340]
[152, 359]
[286, 225]
[479, 32]
[475, 36]
[201, 310]
[255, 249]
[381, 123]
[170, 334]
[264, 242]
[441, 65]
[384, 123]
[237, 270]
[32, 475]
[67, 433]
[340, 161]
[237, 264]
[117, 384]
[441, 60]
[68, 433]
[260, 242]
[255, 248]
[186, 310]
[248, 249]
[255, 242]
[237, 260]
[117, 381]
[65, 433]
[338, 161]
[155, 338]
[433, 60]
[255, 237]
[152, 340]
[334, 161]
[340, 155]
[270, 225]
[185, 310]
[371, 123]
[208, 286]
[110, 384]
[155, 334]
[479, 10]
[264, 225]
[384, 105]
[441, 48]
[310, 179]
[365, 123]
[117, 371]
[68, 420]
[479, 9]
[441, 47]
[310, 178]
[249, 242]
[381, 110]
[248, 242]
[152, 338]
[441, 49]
[237, 248]
[65, 420]
[260, 225]
[475, 10]
[101, 384]
[475, 9]
[67, 420]
[201, 286]
[381, 105]
[237, 249]
[152, 334]
[441, 45]
[371, 110]
[48, 433]
[255, 225]
[420, 60]
[441, 39]
[170, 310]
[433, 47]
[359, 123]
[117, 365]
[101, 381]
[441, 41]
[49, 433]
[371, 179]
[185, 365]
[264, 286]
[117, 433]
[186, 365]
[441, 110]
[170, 381]
[340, 208]
[371, 178]
[338, 208]
[479, 67]
[260, 286]
[441, 105]
[68, 479]
[237, 310]
[479, 65]
[365, 179]
[359, 185]
[535, 9]
[186, 359]
[535, 10]
[161, 384]
[549, 9]
[548, 10]
[441, 117]
[36, 522]
[248, 310]
[334, 225]
[381, 178]
[549, 10]
[550, 9]
[37, 522]
[249, 310]
[185, 371]
[270, 286]
[433, 123]
[186, 371]
[548, 9]
[170, 384]
[32, 522]
[310, 242]
[359, 208]
[186, 381]
[522, 45]
[535, 32]
[201, 365]
[185, 381]
[340, 225]
[533, 32]
[255, 310]
[475, 89]
[441, 123]
[338, 225]
[41, 522]
[179, 384]
[178, 384]
[39, 522]
[359, 201]
[381, 179]
[550, 10]
[38, 522]
[237, 338]
[155, 420]
[533, 41]
[310, 264]
[535, 39]
[365, 208]
[535, 38]
[201, 371]
[152, 420]
[533, 39]
[535, 37]
[237, 334]
[49, 522]
[533, 38]
[535, 36]
[48, 522]
[260, 310]
[186, 384]
[533, 37]
[47, 522]
[185, 384]
[533, 36]
[479, 89]
[338, 178]
[475, 41]
[479, 37]
[338, 179]
[152, 365]
[479, 38]
[340, 178]
[248, 270]
[479, 39]
[310, 208]
[340, 179]
[185, 334]
[255, 264]
[249, 270]
[334, 178]
[248, 264]
[242, 270]
[475, 37]
[334, 179]
[249, 264]
[38, 475]
[359, 155]
[475, 39]
[255, 260]
[479, 36]
[49, 475]
[186, 338]
[479, 45]
[260, 264]
[420, 105]
[340, 185]
[255, 270]
[186, 340]
[479, 47]
[365, 161]
[155, 371]
[479, 48]
[186, 334]
[475, 45]
[479, 41]
[359, 161]
[155, 365]
[101, 420]
[475, 47]
[433, 89]
[185, 338]
[48, 475]
[152, 371]
[237, 286]
[152, 381]
[371, 161]
[10, 522]
[201, 334]
[475, 60]
[249, 286]
[170, 365]
[310, 225]
[264, 270]
[248, 286]
[101, 433]
[170, 359]
[479, 49]
[242, 286]
[9, 522]
[110, 420]
[260, 270]
[441, 89]
[340, 201]
[255, 286]
[170, 371]
[65, 475]
[68, 475]
[123, 420]
[178, 365]
[533, 10]
[110, 433]
[334, 208]
[475, 67]
[381, 161]
[533, 9]
[441, 101]
[117, 420]
[359, 178]
[155, 381]
[152, 384]
[201, 338]
[479, 60]
[155, 384]
[359, 179]
[433, 105]
[550, 60]
[340, 270]
[89, 522]
[170, 441]
[178, 433]
[359, 249]
[237, 371]
[548, 60]
[338, 270]
[549, 60]
[384, 225]
[249, 365]
[255, 359]
[10, 604]
[549, 65]
[548, 67]
[550, 65]
[179, 433]
[248, 365]
[371, 242]
[548, 65]
[9, 604]
[237, 381]
[68, 550]
[185, 433]
[248, 371]
[359, 260]
[441, 178]
[186, 433]
[549, 67]
[68, 548]
[68, 549]
[550, 67]
[533, 89]
[381, 242]
[101, 522]
[359, 264]
[255, 365]
[371, 249]
[334, 286]
[441, 179]
[201, 420]
[237, 384]
[32, 589]
[522, 105]
[152, 475]
[186, 441]
[38, 589]
[255, 371]
[340, 286]
[384, 242]
[441, 185]
[37, 589]
[260, 365]
[36, 589]
[535, 89]
[338, 286]
[371, 260]
[152, 479]
[249, 381]
[41, 589]
[155, 475]
[248, 381]
[365, 264]
[359, 270]
[208, 420]
[39, 589]
[371, 264]
[365, 270]
[533, 101]
[589, 45]
[479, 155]
[201, 433]
[249, 384]
[110, 522]
[248, 384]
[117, 522]
[550, 89]
[255, 384]
[49, 589]
[533, 105]
[549, 89]
[48, 589]
[548, 89]
[255, 381]
[535, 101]
[589, 47]
[475, 161]
[32, 604]
[334, 242]
[101, 475]
[535, 41]
[237, 340]
[533, 45]
[371, 208]
[338, 242]
[475, 105]
[479, 101]
[535, 45]
[533, 47]
[32, 548]
[310, 270]
[533, 48]
[32, 549]
[161, 420]
[248, 334]
[201, 381]
[340, 242]
[533, 49]
[522, 60]
[535, 47]
[550, 32]
[249, 334]
[535, 48]
[359, 225]
[479, 105]
[49, 535]
[548, 36]
[475, 110]
[152, 433]
[549, 36]
[548, 37]
[201, 384]
[338, 248]
[549, 37]
[550, 36]
[548, 38]
[338, 249]
[65, 522]
[549, 38]
[550, 37]
[548, 39]
[340, 248]
[155, 433]
[549, 39]
[550, 38]
[381, 208]
[255, 334]
[340, 249]
[479, 110]
[67, 522]
[550, 39]
[548, 41]
[365, 225]
[68, 522]
[549, 41]
[170, 420]
[550, 41]
[255, 338]
[533, 60]
[152, 441]
[548, 45]
[117, 475]
[384, 208]
[255, 340]
[535, 60]
[548, 47]
[550, 45]
[260, 334]
[549, 45]
[433, 161]
[48, 549]
[49, 548]
[550, 47]
[371, 225]
[237, 359]
[479, 117]
[441, 155]
[310, 286]
[549, 47]
[548, 48]
[179, 420]
[10, 589]
[550, 49]
[475, 123]
[178, 420]
[533, 65]
[334, 264]
[338, 260]
[49, 549]
[550, 48]
[9, 589]
[359, 242]
[68, 533]
[535, 65]
[533, 67]
[340, 260]
[68, 535]
[170, 433]
[237, 365]
[479, 123]
[535, 67]
[338, 264]
[441, 161]
[185, 420]
[340, 264]
[334, 270]
[365, 242]
[359, 248]
[381, 225]
[186, 420]
[479, 208]
[152, 535]
[10, 677]
[38, 649]
[9, 677]
[649, 37]
[533, 152]
[649, 36]
[264, 420]
[475, 208]
[441, 242]
[161, 522]
[249, 433]
[32, 649]
[371, 310]
[248, 433]
[479, 201]
[260, 420]
[89, 589]
[340, 338]
[441, 237]
[155, 522]
[201, 475]
[255, 420]
[665, 10]
[310, 365]
[433, 242]
[340, 334]
[152, 522]
[665, 9]
[550, 123]
[338, 334]
[68, 604]
[549, 123]
[152, 550]
[665, 37]
[338, 365]
[548, 155]
[433, 270]
[533, 170]
[38, 665]
[475, 225]
[178, 522]
[152, 548]
[179, 522]
[441, 260]
[152, 549]
[665, 36]
[49, 649]
[110, 589]
[334, 365]
[359, 340]
[255, 441]
[649, 47]
[535, 161]
[359, 338]
[433, 264]
[32, 665]
[48, 649]
[589, 105]
[310, 384]
[649, 45]
[533, 161]
[170, 522]
[89, 604]
[359, 334]
[260, 433]
[101, 589]
[535, 155]
[270, 420]
[441, 249]
[649, 41]
[310, 381]
[533, 155]
[649, 39]
[255, 433]
[441, 248]
[475, 178]
[49, 604]
[548, 105]
[48, 604]
[117, 535]
[550, 105]
[65, 589]
[475, 179]
[549, 105]
[384, 270]
[589, 60]
[604, 45]
[548, 101]
[441, 208]
[479, 170]
[264, 384]
[338, 310]
[604, 47]
[365, 286]
[550, 101]
[381, 270]
[533, 117]
[101, 549]
[340, 310]
[420, 225]
[535, 110]
[123, 522]
[41, 604]
[359, 286]
[381, 264]
[170, 475]
[260, 384]
[310, 334]
[260, 381]
[371, 270]
[37, 604]
[433, 208]
[535, 105]
[479, 161]
[36, 604]
[533, 110]
[39, 604]
[441, 201]
[38, 604]
[248, 420]
[65, 604]
[249, 420]
[359, 310]
[384, 286]
[237, 433]
[67, 604]
[548, 123]
[604, 60]
[479, 185]
[186, 479]
[117, 548]
[117, 549]
[441, 225]
[381, 286]
[550, 117]
[185, 475]
[550, 110]
[186, 475]
[242, 420]
[67, 589]
[533, 123]
[68, 589]
[237, 420]
[479, 178]
[371, 286]
[479, 179]
[535, 123]
[548, 110]
[649, 9]
[433, 225]
[549, 110]
[649, 10]
[225, 522]
[381, 365]
[68, 677]
[475, 270]
[155, 589]
[67, 677]
[550, 201]
[441, 310]
[161, 589]
[10, 740]
[549, 201]
[101, 649]
[548, 201]
[9, 740]
[365, 384]
[479, 270]
[475, 264]
[479, 260]
[649, 89]
[677, 60]
[371, 365]
[535, 201]
[186, 550]
[535, 208]
[479, 264]
[359, 384]
[310, 433]
[65, 677]
[533, 208]
[152, 589]
[359, 381]
[340, 420]
[535, 225]
[475, 286]
[101, 665]
[677, 89]
[117, 649]
[178, 589]
[334, 433]
[242, 522]
[161, 604]
[479, 286]
[381, 384]
[334, 420]
[665, 89]
[649, 105]
[371, 384]
[371, 381]
[338, 420]
[533, 225]
[550, 208]
[237, 522]
[155, 604]
[170, 589]
[649, 110]
[152, 604]
[548, 208]
[549, 208]
[48, 665]
[535, 178]
[36, 677]
[123, 589]
[237, 475]
[533, 179]
[665, 47]
[381, 334]
[38, 677]
[110, 604]
[49, 665]
[535, 179]
[37, 677]
[649, 65]
[475, 242]
[68, 649]
[479, 237]
[39, 677]
[649, 67]
[338, 381]
[186, 533]
[433, 286]
[170, 549]
[533, 185]
[170, 548]
[677, 41]
[334, 384]
[101, 604]
[371, 334]
[340, 365]
[441, 264]
[550, 155]
[170, 535]
[479, 225]
[155, 549]
[665, 39]
[185, 522]
[117, 589]
[665, 41]
[420, 286]
[604, 105]
[338, 371]
[548, 161]
[32, 677]
[649, 60]
[186, 522]
[340, 371]
[533, 178]
[550, 161]
[441, 270]
[665, 45]
[549, 161]
[479, 249]
[549, 179]
[550, 178]
[550, 179]
[359, 371]
[255, 475]
[65, 665]
[208, 522]
[310, 420]
[665, 67]
[68, 665]
[548, 185]
[255, 479]
[533, 201]
[185, 549]
[186, 548]
[475, 260]
[186, 549]
[550, 185]
[535, 185]
[550, 170]
[117, 604]
[340, 381]
[479, 242]
[186, 535]
[677, 45]
[338, 384]
[475, 248]
[201, 522]
[359, 365]
[475, 249]
[677, 47]
[340, 384]
[665, 60]
[48, 677]
[548, 178]
[49, 677]
[123, 604]
[479, 248]
[441, 286]
[549, 178]
[548, 179]
[535, 286]
[32, 789]
[155, 665]
[550, 270]
[441, 381]
[479, 338]
[152, 665]
[433, 384]
[479, 340]
[533, 286]
[549, 270]
[10, 809]
[170, 649]
[548, 270]
[9, 809]
[604, 225]
[89, 740]
[152, 677]
[789, 39]
[649, 179]
[242, 589]
[789, 41]
[441, 384]
[789, 36]
[789, 38]
[649, 178]
[237, 589]
[789, 37]
[665, 161]
[155, 649]
[255, 549]
[384, 420]
[371, 433]
[65, 740]
[201, 604]
[550, 255]
[535, 270]
[441, 365]
[67, 740]
[740, 60]
[677, 123]
[441, 359]
[381, 420]
[152, 649]
[255, 548]
[533, 270]
[208, 604]
[548, 264]
[441, 371]
[338, 475]
[479, 334]
[549, 264]
[589, 225]
[550, 264]
[381, 433]
[340, 475]
[68, 740]
[286, 522]
[548, 260]
[475, 334]
[549, 260]
[550, 260]
[649, 161]
[371, 420]
[549, 242]
[201, 589]
[255, 535]
[186, 604]
[548, 242]
[185, 604]
[49, 740]
[479, 310]
[665, 123]
[48, 740]
[533, 255]
[47, 740]
[550, 237]
[110, 677]
[264, 522]
[237, 549]
[365, 420]
[740, 45]
[237, 548]
[475, 310]
[535, 249]
[535, 264]
[550, 249]
[789, 10]
[550, 248]
[549, 249]
[789, 9]
[365, 433]
[208, 589]
[533, 264]
[548, 249]
[549, 248]
[548, 248]
[535, 260]
[117, 677]
[533, 260]
[550, 242]
[270, 522]
[359, 433]
[185, 589]
[549, 225]
[170, 604]
[665, 110]
[186, 589]
[533, 242]
[550, 225]
[441, 334]
[237, 535]
[32, 740]
[649, 123]
[548, 225]
[340, 433]
[665, 105]
[533, 237]
[248, 522]
[249, 522]
[338, 433]
[179, 589]
[178, 604]
[117, 665]
[533, 249]
[260, 522]
[677, 105]
[179, 604]
[535, 248]
[533, 248]
[41, 740]
[441, 340]
[101, 677]
[38, 740]
[359, 420]
[441, 338]
[39, 740]
[36, 740]
[535, 242]
[255, 522]
[37, 740]
[359, 522]
[549, 334]
[548, 334]
[677, 208]
[824, 60]
[550, 334]
[365, 522]
[549, 338]
[548, 338]
[237, 649]
[65, 824]
[340, 549]
[548, 340]
[550, 338]
[67, 824]
[649, 242]
[665, 225]
[604, 286]
[550, 340]
[789, 101]
[371, 522]
[533, 359]
[152, 740]
[68, 824]
[475, 420]
[155, 740]
[535, 359]
[789, 105]
[260, 604]
[41, 824]
[201, 665]
[533, 334]
[264, 604]
[535, 334]
[824, 45]
[809, 60]
[533, 338]
[47, 824]
[48, 824]
[665, 208]
[535, 338]
[533, 340]
[49, 824]
[270, 604]
[65, 809]
[441, 433]
[649, 225]
[535, 340]
[589, 286]
[67, 809]
[68, 809]
[201, 677]
[789, 89]
[186, 665]
[110, 740]
[479, 371]
[185, 665]
[41, 809]
[201, 649]
[260, 589]
[789, 60]
[39, 809]
[178, 677]
[809, 45]
[789, 65]
[249, 604]
[264, 589]
[433, 420]
[248, 604]
[255, 604]
[549, 310]
[475, 384]
[270, 589]
[548, 310]
[49, 809]
[117, 740]
[48, 809]
[68, 789]
[649, 208]
[475, 381]
[334, 522]
[32, 824]
[179, 677]
[47, 809]
[789, 67]
[123, 740]
[39, 824]
[186, 677]
[479, 384]
[340, 522]
[38, 824]
[185, 677]
[37, 824]
[441, 420]
[479, 381]
[338, 522]
[36, 824]
[550, 310]
[359, 475]
[548, 286]
[10, 824]
[789, 45]
[185, 649]
[549, 286]
[170, 665]
[186, 649]
[155, 677]
[310, 522]
[9, 824]
[249, 589]
[479, 359]
[161, 677]
[49, 789]
[550, 286]
[789, 47]
[248, 589]
[789, 48]
[665, 178]
[533, 310]
[475, 365]
[237, 604]
[101, 740]
[32, 809]
[242, 604]
[475, 371]
[37, 809]
[170, 677]
[38, 809]
[255, 589]
[479, 365]
[665, 179]
[105, 740]
[36, 809]
[535, 310]
[170, 789]
[649, 310]
[533, 420]
[365, 589]
[479, 475]
[535, 420]
[433, 522]
[359, 589]
[208, 740]
[789, 161]
[665, 286]
[340, 604]
[789, 155]
[123, 824]
[677, 270]
[201, 740]
[152, 789]
[117, 824]
[264, 677]
[338, 604]
[420, 522]
[260, 677]
[334, 604]
[549, 384]
[548, 384]
[255, 677]
[123, 809]
[649, 286]
[665, 270]
[110, 824]
[550, 384]
[340, 589]
[665, 264]
[824, 105]
[548, 381]
[550, 381]
[549, 381]
[186, 740]
[249, 677]
[117, 809]
[338, 589]
[185, 740]
[665, 260]
[101, 824]
[248, 677]
[334, 589]
[255, 665]
[549, 371]
[479, 441]
[550, 371]
[178, 740]
[179, 740]
[548, 371]
[677, 242]
[535, 384]
[649, 270]
[110, 809]
[535, 381]
[441, 475]
[533, 384]
[665, 249]
[533, 381]
[549, 365]
[237, 677]
[809, 105]
[310, 604]
[550, 365]
[789, 123]
[479, 433]
[665, 248]
[649, 264]
[89, 824]
[548, 365]
[101, 809]
[170, 740]
[649, 260]
[550, 359]
[359, 549]
[475, 433]
[665, 242]
[548, 359]
[535, 371]
[384, 522]
[117, 789]
[533, 371]
[255, 649]
[381, 522]
[237, 665]
[677, 225]
[161, 740]
[535, 365]
[479, 420]
[789, 110]
[310, 589]
[533, 365]
[89, 809]
[649, 249]
[649, 248]
[340, 677]
[208, 809]
[649, 371]
[433, 589]
[548, 475]
[533, 475]
[359, 649]
[589, 420]
[185, 824]
[535, 475]
[186, 824]
[270, 740]
[201, 809]
[334, 677]
[533, 479]
[1004, 9]
[479, 535]
[1004, 10]
[789, 225]
[649, 365]
[338, 677]
[479, 522]
[260, 740]
[338, 665]
[179, 824]
[178, 824]
[340, 665]
[264, 740]
[255, 740]
[186, 809]
[170, 824]
[185, 809]
[475, 522]
[789, 208]
[665, 334]
[310, 677]
[178, 809]
[649, 338]
[381, 604]
[161, 824]
[441, 549]
[789, 201]
[550, 441]
[248, 740]
[384, 604]
[179, 809]
[249, 740]
[441, 548]
[340, 649]
[155, 824]
[170, 809]
[152, 824]
[441, 535]
[237, 740]
[242, 740]
[549, 433]
[550, 433]
[649, 334]
[548, 433]
[381, 589]
[550, 420]
[161, 809]
[365, 604]
[549, 420]
[548, 420]
[789, 179]
[535, 433]
[371, 604]
[186, 789]
[665, 310]
[533, 441]
[789, 185]
[384, 589]
[359, 604]
[677, 286]
[441, 522]
[152, 809]
[371, 589]
[789, 178]
[533, 433]
[225, 740]
[155, 809]
[548, 549]
[677, 420]
[550, 548]
[665, 433]
[359, 740]
[550, 549]
[789, 310]
[1004, 89]
[270, 824]
[809, 286]
[264, 824]
[441, 649]
[310, 809]
[441, 677]
[1004, 110]
[1004, 105]
[371, 740]
[589, 522]
[286, 824]
[433, 677]
[101, 1004]
[365, 740]
[441, 665]
[310, 824]
[479, 649]
[789, 340]
[604, 522]
[1004, 123]
[789, 338]
[535, 589]
[384, 740]
[649, 475]
[533, 589]
[789, 334]
[117, 1004]
[381, 740]
[340, 809]
[789, 359]
[338, 809]
[479, 665]
[334, 809]
[475, 665]
[535, 604]
[550, 589]
[549, 589]
[533, 604]
[548, 589]
[208, 824]
[649, 384]
[809, 225]
[665, 371]
[359, 677]
[32, 1004]
[789, 248]
[433, 604]
[789, 249]
[604, 420]
[359, 665]
[549, 475]
[201, 824]
[550, 475]
[286, 740]
[237, 789]
[479, 548]
[479, 549]
[550, 479]
[665, 365]
[441, 589]
[649, 381]
[789, 242]
[1004, 45]
[789, 260]
[824, 225]
[665, 384]
[371, 677]
[1004, 47]
[242, 809]
[310, 740]
[49, 1004]
[789, 264]
[48, 1004]
[533, 522]
[1004, 37]
[1004, 36]
[1004, 39]
[365, 677]
[38, 1004]
[1004, 41]
[441, 604]
[255, 789]
[665, 381]
[237, 809]
[242, 824]
[475, 589]
[1004, 60]
[255, 809]
[548, 522]
[1004, 67]
[549, 522]
[479, 589]
[533, 535]
[1004, 65]
[260, 809]
[649, 420]
[381, 677]
[249, 809]
[789, 270]
[535, 522]
[248, 809]
[237, 824]
[677, 384]
[479, 604]
[535, 548]
[533, 550]
[533, 549]
[649, 433]
[533, 548]
[340, 740]
[665, 420]
[550, 535]
[260, 824]
[535, 549]
[789, 286]
[334, 740]
[264, 809]
[249, 824]
[68, 1004]
[248, 824]
[550, 522]
[475, 604]
[255, 824]
[270, 809]
[338, 740]
[789, 433]
[479, 740]
[1004, 225]
[420, 809]
[441, 789]
[548, 677]
[550, 677]
[549, 677]
[649, 589]
[420, 824]
[1004, 242]
[237, 1004]
[433, 809]
[665, 589]
[1004, 249]
[649, 604]
[1004, 248]
[441, 809]
[522, 740]
[255, 1004]
[433, 824]
[1004, 264]
[479, 789]
[665, 604]
[677, 589]
[1004, 260]
[789, 475]
[441, 824]
[1004, 270]
[535, 740]
[533, 740]
[549, 604]
[548, 604]
[475, 677]
[550, 604]
[789, 365]
[152, 1004]
[479, 677]
[155, 1004]
[334, 824]
[420, 740]
[789, 371]
[338, 824]
[1004, 161]
[340, 824]
[359, 809]
[789, 381]
[649, 522]
[789, 384]
[433, 740]
[365, 809]
[170, 1004]
[371, 809]
[441, 740]
[1004, 178]
[533, 649]
[1004, 179]
[359, 824]
[665, 522]
[535, 649]
[186, 1004]
[381, 809]
[185, 1004]
[365, 824]
[371, 824]
[604, 589]
[384, 809]
[550, 649]
[677, 522]
[533, 665]
[549, 649]
[548, 649]
[535, 665]
[201, 1004]
[381, 824]
[533, 677]
[384, 824]
[789, 420]
[549, 665]
[475, 740]
[550, 665]
[1004, 208]
[535, 677]
[548, 665]
[1004, 371]
[550, 824]
[549, 824]
[548, 824]
[1004, 365]
[359, 1004]
[549, 809]
[535, 824]
[550, 809]
[533, 824]
[548, 809]
[824, 522]
[604, 740]
[340, 1004]
[535, 809]
[665, 740]
[589, 809]
[789, 604]
[1004, 384]
[649, 740]
[1004, 381]
[789, 589]
[789, 522]
[475, 824]
[479, 824]
[1004, 286]
[550, 740]
[548, 740]
[479, 809]
[549, 740]
[677, 604]
[475, 809]
[789, 548]
[550, 789]
[1004, 334]
[789, 549]
[1004, 338]
[665, 677]
[533, 809]
[589, 740]
[809, 522]
[533, 789]
[535, 789]
[649, 677]
[649, 665]
[1004, 310]
[665, 824]
[677, 824]
[1004, 475]
[665, 809]
[649, 824]
[677, 809]
[479, 1004]
[1004, 522]
[789, 740]
[1004, 420]
[604, 824]
[789, 649]
[1004, 433]
[589, 824]
[604, 809]
[677, 740]
[649, 809]
[789, 677]
[441, 1004]
[789, 665]
[809, 824]
[649, 1004]
[1004, 604]
[789, 824]
[789, 809]
[1004, 589]
[809, 740]
[533, 1004]
[535, 1004]
[824, 740]
[549, 1004]
[548, 1004]
[550, 1004]
[1004, 740]
[1004, 665]
[1004, 677]
[1004, 824]
[1004, 809]
[789, 1004]
