Number of Infrequent itemsets: 2590

[9, 10] : 1
[32, 10] : 0
[32, 9] : 0
[36, 10] : 0
[37, 9] : 0
[37, 10] : 0
[38, 9] : 2
[36, 9] : 0
[10, 41] : 1
[9, 41] : 1
[39, 10] : 2
[38, 10] : 0
[39, 9] : 4
[10, 45] : 0
[9, 45] : 0
[49, 10] : 1
[49, 9] : 0
[48, 10] : 2
[48, 9] : 3
[10, 47] : 0
[9, 47] : 0
[32, 36] : 1
[9, 60] : 0
[32, 37] : 0
[10, 60] : 0
[39, 37] : 4
[67, 9] : 0
[32, 45] : 0
[68, 9] : 0
[67, 10] : 0
[37, 41] : 4
[68, 10] : 0
[32, 47] : 2
[36, 37] : 1
[65, 9] : 1
[65, 10] : 0
[49, 36] : 0
[37, 47] : 0
[49, 38] : 3
[49, 37] : 0
[39, 47] : 4
[41, 45] : 1
[36, 45] : 1
[49, 32] : 0
[36, 47] : 0
[38, 45] : 1
[37, 45] : 1
[48, 45] : 4
[47, 45] : 0
[32, 60] : 1
[48, 47] : 4
[49, 45] : 0
[41, 47] : 2
[49, 41] : 0
[65, 37] : 0
[38, 65] : 1
[36, 67] : 0
[68, 32] : 0
[41, 60] : 3
[65, 36] : 0
[9, 89] : 0
[38, 60] : 2
[10, 89] : 0
[32, 67] : 1
[39, 60] : 4
[49, 47] : 0
[36, 60] : 0
[32, 65] : 0
[37, 60] : 0
[65, 45] : 0
[101, 9] : 0
[38, 36, 37] : 1
[101, 10] : 0
[48, 60] : 3
[67, 41] : 1
[49, 60] : 0
[68, 41] : 0
[65, 41] : 1
[68, 38] : 1
[39, 67] : 2
[47, 60] : 0
[68, 39] : 2
[68, 36] : 0
[67, 37] : 0
[60, 45] : 0
[38, 67] : 1
[68, 37] : 0
[110, 9] : 0
[68, 49] : 0
[38, 37, 41] : 4
[68, 48] : 3
[49, 67] : 0
[48, 67] : 3
[68, 47] : 0
[10, 105] : 0
[38, 39, 37] : 4
[49, 65] : 0
[67, 47] : 0
[9, 105] : 0
[68, 45] : 0
[65, 47] : 0
[67, 45] : 0
[117, 10] : 0
[67, 60] : 0
[48, 37, 41] : 3
[38, 41, 47] : 2
[37, 89] : 0
[117, 9] : 0
[39, 41, 45] : 1
[36, 89] : 2
[65, 60] : 0
[48, 39, 37] : 3
[38, 39, 47] : 4
[32, 89] : 1
[39, 36, 45] : 1
[110, 10] : 0
[101, 36] : 0
[32, 105] : 1
[89, 47] : 1
[101, 38] : 1
[101, 37] : 0
[49, 89] : 0
[36, 105] : 1
[37, 105] : 0
[32, 110] : 2
[101, 41] : 2
[68, 60] : 0
[32, 101] : 0
[10, 123] : 0
[68, 65] : 1
[9, 123] : 0
[65, 67] : 1
[68, 67] : 3
[89, 45] : 1
[47, 105] : 0
[117, 36] : 0
[48, 105] : 2
[48, 65, 41] : 1
[117, 37] : 0
[49, 105] : 0
[65, 89] : 1
[117, 38] : 0
[32, 123] : 0
[110, 45] : 0
[117, 39] : 2
[67, 89] : 0
[32, 48, 38, 39] : 4
[110, 47] : 0
[68, 89] : 0
[117, 41] : 1
[32, 48, 38, 41] : 1
[36, 123] : 1
[49, 110] : 0
[36, 110] : 0
[41, 105] : 4
[101, 45] : 0
[37, 110] : 1
[101, 47] : 0
[117, 32] : 2
[89, 60] : 0
[32, 38, 39, 41] : 4
[105, 45] : 0
[49, 101] : 0
[48, 38, 65] : 1
[161, 10] : 0
[9, 161] : 0
[123, 47] : 0
[110, 60] : 0
[65, 105] : 0
[68, 101] : 0
[38, 41, 89] : 4
[123, 45] : 0
[101, 67] : 0
[65, 110] : 0
[38, 89, 47] : 1
[39, 89, 45] : 1
[48, 36, 89] : 1
[68, 105] : 0
[49, 123] : 1
[67, 105] : 0
[38, 36, 89] : 2
[48, 38, 39, 37] : 3
[39, 123] : 3
[152, 10] : 0
[117, 45] : 0
[38, 123] : 2
[152, 9] : 0
[101, 60] : 1
[37, 123] : 0
[117, 49] : 0
[101, 65] : 1
[155, 10] : 0
[117, 48] : 1
[105, 60] : 0
[48, 39, 36, 41] : 4
[48, 38, 37, 41] : 3
[39, 36, 89] : 2
[155, 9] : 1
[41, 123] : 2
[117, 47] : 0
[178, 9] : 0
[32, 155] : 0
[38, 41, 105] : 3
[152, 32] : 2
[117, 67] : 1
[38, 37, 110] : 1
[39, 41, 105] : 4
[68, 117] : 0
[152, 38] : 0
[67, 123] : 0
[101, 89] : 2
[152, 39] : 3
[155, 36] : 1
[68, 123] : 0
[48, 101, 39] : 4
[178, 10] : 0
[179, 9] : 0
[152, 36] : 0
[65, 123] : 0
[152, 37] : 0
[179, 10] : 0
[68, 110] : 0
[38, 36, 105] : 1
[170, 9] : 2
[67, 110] : 0
[117, 60] : 0
[117, 65] : 0
[123, 60] : 0
[39, 36, 105] : 1
[170, 10] : 0
[49, 155] : 0
[38, 39, 41, 89] : 4
[48, 36, 123] : 1
[170, 37] : 1
[101, 105] : 0
[117, 89] : 0
[170, 36] : 0
[161, 45] : 0
[152, 49] : 0
[155, 45] : 0
[152, 48] : 3
[48, 38, 39, 36, 41] : 4
[38, 39, 36, 89] : 2
[48, 65, 89] : 1
[155, 47] : 0
[170, 32] : 4
[161, 41] : 3
[152, 45] : 0
[36, 161] : 0
[155, 41] : 2
[186, 10] : 0
[110, 89] : 2
[152, 47] : 0
[38, 161] : 4
[37, 161] : 0
[155, 38] : 4
[152, 41] : 1
[32, 161] : 0
[155, 37] : 0
[186, 9] : 0
[185, 10] : 0
[89, 105] : 0
[185, 9] : 0
[179, 41] : 0
[155, 65] : 1
[68, 152] : 0
[185, 36] : 0
[161, 60] : 0
[117, 105] : 0
[155, 67] : 0
[186, 36] : 0
[185, 37] : 0
[38, 39, 41, 105] : 3
[178, 45] : 0
[68, 155] : 0
[185, 38] : 0
[186, 37] : 0
[48, 38, 41, 89] : 3
[38, 178] : 2
[37, 179] : 0
[152, 65] : 0
[9, 208] : 0
[170, 47] : 0
[32, 185] : 2
[38, 179] : 1
[39, 178] : 4
[38, 39, 36, 105] : 1
[117, 101] : 1
[10, 208] : 0
[186, 32] : 1
[39, 179] : 3
[178, 41] : 2
[152, 67] : 0
[170, 49] : 0
[48, 39, 36, 89] : 1
[48, 41, 123] : 2
[123, 89] : 0
[152, 60] : 0
[48, 38, 39, 89] : 4
[36, 178] : 0
[110, 105] : 1
[155, 60] : 1
[170, 45] : 0
[36, 179] : 0
[37, 178] : 0
[161, 47] : 0
[48, 38, 123] : 1
[48, 161] : 3
[48, 39, 123] : 2
[201, 9] : 0
[32, 178] : 3
[49, 161] : 0
[48, 38, 36, 89] : 1
[101, 110] : 0
[201, 10] : 0
[32, 179] : 1
[155, 48, 36] : 1
[179, 60] : 0
[201, 38] : 1
[48, 39, 110, 41] : 4
[39, 110, 89] : 2
[178, 60] : 0
[68, 170] : 0
[201, 37] : 0
[38, 110, 89] : 2
[170, 67] : 0
[201, 36] : 0
[186, 49] : 0
[10, 225] : 0
[170, 65] : 1
[49, 185] : 0
[186, 48] : 3
[9, 225] : 0
[110, 123] : 0
[185, 48] : 0
[186, 47] : 0
[32, 201] : 1
[185, 47] : 0
[186, 45] : 0
[185, 45] : 0
[170, 60] : 0
[68, 161] : 0
[123, 105] : 0
[49, 179] : 0
[67, 161] : 0
[117, 110] : 0
[48, 179] : 4
[49, 178] : 0
[186, 41] : 0
[48, 178] : 2
[179, 47] : 1
[185, 41] : 2
[65, 161] : 0
[178, 47] : 0
[186, 39] : 3
[101, 123] : 0
[179, 45] : 0
[186, 38] : 1
[185, 39] : 3
[39, 110, 105] : 1
[68, 186] : 0
[208, 47] : 0
[185, 67] : 0
[10, 242] : 0
[38, 110, 105] : 1
[68, 185] : 0
[186, 67] : 0
[208, 45] : 0
[152, 101] : 0
[185, 65] : 1
[49, 201] : 0
[161, 89] : 1
[186, 65] : 0
[9, 242] : 0
[201, 47] : 0
[48, 201] : 1
[41, 208] : 1
[67, 179] : 0
[68, 178] : 0
[186, 60] : 0
[201, 45] : 0
[237, 9] : 0
[38, 208] : 1
[48, 110, 89] : 2
[68, 179] : 0
[237, 10] : 0
[39, 208] : 4
[155, 48, 41] : 2
[65, 179] : 0
[155, 89] : 1
[36, 208] : 0
[67, 178] : 0
[185, 60] : 0
[37, 208] : 0
[201, 41] : 0
[65, 178] : 1
[117, 123] : 0
[32, 208] : 0
[201, 39] : 2
[155, 48, 38] : 3
[39, 161, 41] : 3
[152, 89] : 0
[67, 208] : 0
[186, 89] : 2
[152, 123] : 0
[170, 105] : 0
[237, 38] : 2
[185, 89] : 0
[49, 225] : 0
[264, 10] : 0
[32, 242] : 0
[237, 37] : 0
[65, 208] : 0
[48, 225] : 2
[9, 264] : 0
[237, 36] : 1
[47, 225] : 0
[117, 155] : 0
[101, 178] : 1
[9, 270] : 0
[37, 242] : 0
[237, 41] : 1
[117, 161] : 0
[155, 123] : 0
[36, 242] : 1
[48, 38, 39, 110, 41] : 4
[38, 39, 110, 89] : 2
[68, 208] : 0
[178, 105] : 0
[41, 242] : 0
[237, 45] : 0
[32, 249] : 0
[39, 242] : 4
[101, 179] : 1
[10, 270] : 0
[170, 110] : 1
[32, 248] : 1
[38, 242] : 2
[38, 249] : 2
[255, 32] : 1
[170, 117] : 0
[186, 101] : 1
[242, 45] : 0
[48, 39, 110, 89] : 2
[249, 37] : 0
[38, 248] : 2
[237, 49] : 1
[101, 185] : 0
[48, 38, 110, 89] : 2
[248, 37] : 0
[36, 249] : 0
[225, 60] : 0
[248, 36] : 2
[161, 123] : 0
[237, 47] : 0
[179, 105] : 0
[249, 9] : 0
[248, 10] : 0
[170, 48, 41] : 4
[170, 89] : 0
[249, 10] : 0
[101, 155] : 0
[48, 208] : 2
[32, 225] : 0
[248, 9] : 0
[152, 105] : 0
[49, 208] : 0
[37, 225] : 0
[152, 110] : 0
[101, 161] : 0
[38, 225] : 2
[155, 105] : 0
[36, 225] : 1
[201, 60] : 0
[161, 105] : 0
[41, 225] : 2
[201, 65] : 1
[178, 89] : 0
[39, 225] : 3
[255, 9] : 0
[255, 10] : 0
[155, 110] : 0
[260, 10] : 0
[225, 45] : 0
[170, 101] : 1
[110, 161] : 1
[155, 48, 65] : 1
[179, 89] : 1
[208, 60] : 1
[201, 67] : 0
[237, 32] : 1
[260, 9] : 0
[152, 117] : 0
[68, 201] : 0
[260, 45] : 0
[264, 41] : 1
[68, 237] : 0
[255, 49] : 0
[237, 67] : 0
[37, 270] : 0
[152, 155] : 0
[260, 47] : 0
[65, 242] : 0
[36, 270] : 1
[201, 105] : 0
[39, 270] : 3
[49, 260] : 0
[264, 45] : 0
[186, 123] : 0
[249, 60] : 0
[67, 242] : 0
[101, 208] : 0
[38, 270] : 2
[48, 260] : 3
[185, 123] : 0
[248, 60] : 0
[41, 270] : 1
[264, 47] : 0
[201, 110] : 0
[39, 110, 161] : 1
[68, 242] : 0
[152, 161] : 1
[49, 264] : 0
[65, 248] : 0
[208, 105] : 1
[48, 264] : 2
[270, 45] : 0
[255, 60] : 0
[248, 67] : 0
[65, 249] : 0
[89, 225] : 0
[270, 47] : 0
[68, 249] : 0
[155, 161] : 1
[68, 248] : 0
[249, 67] : 0
[49, 270] : 0
[310, 9] : 0
[48, 270] : 2
[32, 286] : 0
[117, 201] : 0
[110, 208] : 0
[39, 249] : 4
[110, 178] : 0
[39, 161, 89] : 1
[242, 47] : 0
[110, 179] : 0
[249, 41] : 1
[48, 242] : 4
[185, 105] : 0
[201, 89] : 0
[65, 225] : 0
[255, 36] : 2
[186, 105] : 0
[49, 242] : 0
[38, 39, 110, 105] : 1
[155, 48, 89] : 1
[255, 37] : 0
[32, 260] : 0
[67, 225] : 1
[255, 38] : 3
[170, 123] : 0
[248, 45] : 1
[68, 225] : 0
[249, 45] : 0
[9, 286] : 0
[248, 47] : 0
[185, 110] : 0
[117, 178] : 0
[10, 286] : 0
[36, 260] : 0
[32, 264] : 0
[249, 47] : 0
[186, 110] : 0
[48, 248] : 4
[117, 179] : 0
[260, 37] : 0
[49, 248] : 0
[48, 249] : 2
[237, 60] : 0
[208, 89] : 0
[38, 260] : 0
[49, 249] : 0
[39, 260] : 3
[36, 264] : 2
[255, 45] : 0
[260, 41] : 2
[37, 264] : 0
[178, 123] : 0
[32, 270] : 1
[38, 264] : 2
[255, 47] : 0
[117, 185] : 1
[179, 123] : 0
[242, 60] : 0
[101, 201] : 0
[237, 65] : 0
[39, 264] : 4
[186, 117] : 0
[334, 9] : 0
[101, 242] : 1
[32, 310] : 1
[237, 105] : 0
[117, 225] : 0
[186, 155] : 0
[179, 161] : 0
[185, 155] : 0
[178, 161] : 0
[68, 270] : 0
[186, 152] : 0
[249, 89] : 0
[237, 101] : 1
[67, 270] : 0
[152, 185] : 0
[248, 89] : 0
[310, 41] : 1
[65, 286] : 0
[340, 10] : 0
[101, 249] : 1
[39, 310] : 2
[170, 179] : 0
[340, 9] : 0
[260, 89] : 0
[101, 248] : 0
[38, 310] : 1
[170, 178] : 2
[338, 10] : 0
[123, 225] : 0
[186, 161] : 0
[310, 37] : 0
[338, 9] : 0
[237, 110] : 1
[242, 105] : 0
[185, 161] : 0
[36, 310] : 1
[286, 60] : 0
[255, 48, 41] : 3
[334, 10] : 0
[255, 89] : 1
[237, 89] : 0
[101, 225] : 0
[41, 286] : 0
[260, 67] : 0
[264, 60] : 0
[201, 123] : 0
[39, 286] : 4
[170, 155] : 1
[65, 260] : 0
[117, 208] : 0
[36, 286] : 0
[152, 170] : 0
[255, 67] : 0
[39, 36, 248] : 2
[37, 286] : 0
[68, 255] : 0
[310, 10] : 0
[260, 60] : 1
[255, 65] : 0
[48, 286] : 4
[155, 179] : 0
[255, 39, 41] : 2
[65, 270] : 0
[49, 286] : 0
[110, 225] : 0
[39, 248, 45] : 1
[68, 264] : 0
[47, 286] : 0
[155, 178] : 0
[270, 60] : 0
[152, 178] : 0
[225, 105] : 0
[170, 161] : 0
[286, 45] : 0
[152, 179] : 0
[67, 264] : 0
[242, 89] : 0
[123, 208] : 0
[39, 248, 41] : 4
[68, 260] : 0
[65, 264] : 0
[39, 334] : 4
[38, 334] : 2
[32, 340] : 2
[255, 117] : 0
[249, 123] : 0
[65, 310] : 0
[338, 37] : 0
[270, 105] : 0
[365, 10] : 0
[89, 286] : 0
[334, 41] : 0
[338, 36] : 1
[110, 264] : 0
[365, 9] : 0
[264, 105] : 0
[359, 10] : 0
[161, 208] : 0
[359, 9] : 0
[37, 334] : 1
[170, 201] : 1
[101, 270] : 0
[186, 185] : 1
[248, 123] : 0
[310, 60] : 0
[36, 334] : 0
[32, 338] : 0
[260, 110] : 0
[117, 264] : 0
[371, 10] : 0
[334, 47] : 0
[110, 270] : 0
[371, 9] : 0
[155, 225] : 0
[201, 179] : 0
[260, 123] : 0
[338, 45] : 0
[49, 334] : 1
[48, 334] : 4
[67, 310] : 0
[340, 37] : 1
[338, 39] : 1
[152, 225] : 0
[117, 260] : 0
[340, 36] : 1
[38, 338] : 2
[340, 39] : 2
[338, 41] : 1
[334, 45] : 1
[201, 178] : 0
[68, 310] : 0
[340, 38] : 2
[170, 208] : 0
[255, 123] : 2
[186, 170] : 1
[155, 201] : 0
[255, 101] : 2
[310, 47] : 0
[178, 179] : 0
[48, 310] : 2
[248, 110] : 0
[49, 310] : 0
[89, 270] : 0
[249, 110] : 1
[117, 242] : 0
[110, 242] : 0
[67, 286] : 0
[152, 201] : 1
[264, 89] : 0
[248, 105] : 0
[68, 286] : 0
[117, 237] : 1
[249, 105] : 0
[310, 45] : 0
[170, 185] : 0
[186, 178] : 0
[185, 179] : 0
[101, 264] : 0
[260, 105] : 0
[186, 179] : 1
[255, 110] : 0
[117, 248] : 1
[242, 123] : 0
[32, 334] : 0
[117, 249] : 0
[152, 208] : 0
[237, 123] : 1
[255, 105] : 0
[101, 260] : 1
[201, 161] : 0
[38, 39, 286] : 4
[155, 208] : 0
[185, 178] : 0
[39, 371] : 4
[255, 155] : 0
[249, 161] : 0
[365, 45] : 1
[185, 225] : 0
[101, 310] : 1
[186, 225] : 0
[371, 37] : 0
[49, 359] : 0
[68, 340] : 0
[123, 286] : 0
[248, 161] : 0
[201, 208] : 1
[49, 365] : 0
[310, 105] : 1
[155, 260] : 0
[237, 178] : 0
[170, 242] : 1
[152, 260] : 0
[371, 41] : 1
[365, 47] : 1
[32, 381] : 1
[48, 365] : 3
[37, 365] : 0
[68, 334] : 0
[38, 365] : 2
[32, 371] : 0
[117, 286] : 0
[155, 248] : 0
[161, 242] : 0
[178, 225] : 0
[338, 65] : 0
[152, 248] : 0
[359, 41] : 0
[340, 60] : 0
[36, 365] : 0
[152, 249] : 0
[67, 334] : 0
[365, 41] : 0
[359, 47] : 0
[68, 338] : 0
[371, 36] : 0
[170, 237] : 0
[152, 255] : 1
[359, 48] : 3
[340, 67] : 0
[39, 365] : 2
[155, 249] : 0
[359, 45] : 1
[179, 225] : 0
[340, 65] : 0
[338, 67] : 0
[359, 36] : 0
[170, 225] : 1
[10, 384] : 0
[152, 242] : 0
[186, 208] : 0
[334, 60] : 0
[123, 270] : 0
[9, 384] : 0
[185, 208] : 0
[237, 155] : 0
[310, 89] : 0
[65, 334] : 0
[237, 161] : 0
[338, 60] : 0
[359, 39] : 2
[155, 242] : 0
[32, 365] : 1
[359, 38] : 1
[110, 286] : 0
[359, 37] : 0
[179, 208] : 0
[49, 338] : 0
[186, 201] : 0
[340, 47] : 0
[101, 286] : 0
[264, 123] : 0
[117, 270] : 0
[178, 208] : 0
[185, 201] : 0
[48, 338] : 2
[161, 225] : 0
[340, 45] : 0
[338, 47] : 1
[286, 105] : 1
[381, 10] : 0
[32, 359] : 0
[381, 9] : 0
[49, 340] : 0
[152, 237] : 1
[340, 48] : 2
[255, 185] : 0
[170, 270] : 1
[101, 340] : 1
[381, 60] : 1
[186, 255] : 0
[155, 286] : 0
[178, 264] : 0
[433, 9] : 0
[338, 105] : 0
[201, 242] : 0
[179, 264] : 0
[433, 10] : 0
[110, 334] : 1
[384, 60] : 0
[237, 208] : 0
[340, 105] : 0
[185, 260] : 0
[65, 381] : 1
[186, 260] : 0
[161, 286] : 0
[67, 365] : 0
[48, 384] : 2
[208, 225] : 0
[68, 365] : 0
[255, 178] : 0
[185, 248] : 1
[49, 384] : 0
[310, 123] : 0
[255, 179] : 0
[185, 249] : 0
[186, 248] : 0
[170, 264] : 0
[101, 334] : 0
[186, 249] : 0
[65, 371] : 0
[371, 67] : 0
[237, 201] : 0
[260, 178] : 0
[152, 286] : 0
[334, 105] : 0
[101, 338] : 0
[68, 371] : 0
[260, 179] : 0
[365, 60] : 0
[161, 264] : 0
[155, 270] : 0
[41, 384] : 2
[255, 170] : 1
[359, 65] : 0
[338, 89] : 1
[68, 359] : 0
[248, 179] : 0
[249, 178] : 0
[185, 242] : 0
[117, 310] : 1
[359, 67] : 0
[201, 225] : 0
[248, 178] : 0
[381, 45] : 0
[38, 286, 105] : 1
[340, 89] : 1
[48, 381] : 4
[9, 420] : 1
[384, 45] : 0
[249, 179] : 0
[186, 242] : 0
[381, 47] : 0
[371, 60] : 2
[384, 47] : 0
[161, 270] : 0
[65, 365] : 0
[49, 381] : 0
[170, 260] : 0
[10, 420] : 0
[36, 381] : 1
[237, 179] : 0
[371, 45] : 0
[255, 161] : 0
[152, 264] : 0
[32, 384] : 0
[359, 60] : 0
[48, 371] : 1
[155, 264] : 0
[170, 249] : 0
[38, 381] : 1
[371, 47] : 0
[170, 248] : 0
[37, 381] : 0
[179, 242] : 0
[260, 161] : 1
[37, 384] : 0
[178, 242] : 0
[49, 371] : 0
[36, 384] : 1
[39, 381] : 3
[310, 110] : 0
[334, 89] : 1
[186, 237] : 0
[39, 384] : 4
[237, 185] : 0
[381, 41] : 2
[152, 270] : 0
[38, 384] : 1
[208, 270] : 1
[441, 37] : 0
[433, 45] : 0
[237, 242] : 1
[441, 38] : 4
[117, 359] : 0
[371, 105] : 0
[441, 36] : 2
[249, 225] : 0
[433, 41] : 2
[110, 365] : 0
[101, 371] : 0
[264, 208] : 0
[186, 286] : 0
[39, 433] : 3
[248, 225] : 0
[384, 89] : 2
[441, 32] : 2
[365, 105] : 0
[381, 89] : 1
[37, 433] : 1
[185, 286] : 0
[201, 270] : 0
[38, 433] : 1
[310, 161] : 1
[48, 420] : 2
[260, 208] : 0
[359, 110] : 0
[49, 420] : 0
[36, 433] : 0
[101, 365] : 0
[242, 225] : 0
[420, 47] : 0
[359, 105] : 0
[178, 286] : 0
[420, 45] : 0
[201, 264] : 0
[155, 310] : 0
[179, 286] : 0
[32, 433] : 0
[255, 208] : 0
[340, 123] : 0
[237, 225] : 0
[152, 310] : 0
[338, 123] : 0
[41, 420] : 2
[201, 260] : 0
[359, 101] : 0
[371, 89] : 0
[39, 420] : 2
[38, 420] : 2
[249, 208] : 0
[334, 123] : 0
[117, 340] : 1
[37, 420] : 0
[248, 208] : 0
[255, 201] : 0
[170, 286] : 0
[186, 270] : 0
[36, 420] : 0
[117, 338] : 0
[185, 270] : 0
[365, 89] : 1
[68, 384] : 0
[32, 420] : 1
[117, 334] : 0
[441, 10] : 0
[67, 384] : 0
[38, 371, 41] : 1
[242, 208] : 0
[201, 249] : 0
[340, 110] : 0
[186, 264] : 0
[441, 9] : 0
[201, 248] : 0
[68, 381] : 0
[185, 264] : 0
[65, 384] : 1
[179, 270] : 0
[38, 39, 371] : 4
[359, 89] : 0
[67, 381] : 0
[338, 110] : 0
[178, 270] : 0
[248, 260] : 0
[441, 67] : 1
[170, 338] : 0
[89, 420] : 1
[260, 249] : 0
[68, 441] : 0
[170, 340] : 0
[152, 359] : 0
[286, 225] : 0
[479, 32] : 0
[475, 36] : 0
[201, 310] : 0
[255, 249] : 1
[381, 123] : 0
[170, 334] : 0
[264, 242] : 0
[441, 65] : 0
[384, 123] : 0
[237, 270] : 0
[32, 475] : 2
[67, 433] : 0
[340, 161] : 0
[237, 264] : 0
[117, 384] : 0
[441, 60] : 0
[68, 433] : 0
[260, 242] : 1
[255, 248] : 0
[186, 310] : 0
[248, 249] : 1
[255, 242] : 2
[237, 260] : 0
[117, 381] : 0
[65, 433] : 1
[338, 161] : 0
[155, 338] : 1
[433, 60] : 0
[255, 237] : 0
[152, 340] : 1
[334, 161] : 0
[340, 155] : 0
[270, 225] : 1
[185, 310] : 0
[371, 123] : 0
[208, 286] : 0
[110, 384] : 0
[155, 334] : 0
[479, 10] : 0
[264, 225] : 1
[384, 105] : 0
[310, 179] : 0
[365, 123] : 0
[117, 371] : 0
[68, 420] : 0
[479, 9] : 1
[441, 47] : 2
[310, 178] : 0
[249, 242] : 0
[381, 110] : 0
[248, 242] : 0
[152, 338] : 0
[441, 49] : 0
[237, 248] : 0
[65, 420] : 1
[260, 225] : 0
[475, 10] : 0
[101, 384] : 0
[475, 9] : 0
[67, 420] : 0
[201, 286] : 0
[381, 105] : 0
[237, 249] : 1
[152, 334] : 0
[441, 45] : 0
[371, 110] : 0
[48, 433] : 1
[255, 225] : 0
[420, 60] : 0
[170, 310] : 0
[433, 47] : 0
[359, 123] : 0
[117, 365] : 0
[101, 381] : 0
[441, 41] : 3
[49, 433] : 0
[371, 179] : 0
[185, 365] : 0
[264, 286] : 0
[117, 433] : 0
[186, 365] : 1
[441, 110] : 0
[170, 381] : 0
[340, 208] : 0
[371, 178] : 0
[338, 208] : 0
[479, 67] : 0
[260, 286] : 0
[441, 105] : 0
[68, 479] : 0
[237, 310] : 1
[479, 65] : 1
[365, 179] : 0
[359, 185] : 0
[535, 9] : 0
[186, 359] : 0
[535, 10] : 0
[161, 384] : 1
[549, 9] : 1
[548, 10] : 0
[441, 117] : 2
[36, 522] : 0
[248, 310] : 0
[334, 225] : 0
[381, 178] : 0
[549, 10] : 0
[550, 9] : 0
[37, 522] : 0
[249, 310] : 0
[185, 371] : 0
[270, 286] : 0
[433, 123] : 0
[186, 371] : 0
[548, 9] : 0
[170, 384] : 0
[32, 522] : 0
[310, 242] : 0
[359, 208] : 0
[186, 381] : 0
[522, 45] : 1
[535, 32] : 0
[201, 365] : 0
[185, 381] : 0
[340, 225] : 0
[533, 32] : 3
[255, 310] : 0
[48, 475, 41] : 2
[475, 89] : 0
[441, 123] : 1
[338, 225] : 0
[41, 522] : 0
[179, 384] : 0
[178, 384] : 0
[48, 38, 475] : 2
[39, 522] : 2
[359, 201] : 0
[381, 179] : 0
[550, 10] : 0
[38, 522] : 0
[237, 338] : 0
[155, 420] : 1
[310, 264] : 0
[365, 208] : 0
[535, 38] : 3
[201, 371] : 0
[152, 420] : 0
[533, 39] : 4
[535, 37] : 0
[237, 334] : 0
[49, 522] : 0
[533, 38] : 3
[535, 36] : 1
[48, 522] : 2
[260, 310] : 0
[186, 384] : 0
[533, 37] : 0
[47, 522] : 0
[185, 384] : 0
[533, 36] : 0
[479, 89] : 1
[338, 178] : 0
[475, 41] : 2
[479, 37] : 0
[338, 179] : 0
[152, 365] : 0
[479, 38] : 2
[340, 178] : 0
[248, 270] : 0
[479, 39] : 4
[310, 208] : 0
[340, 179] : 1
[185, 334] : 0
[255, 264] : 1
[249, 270] : 0
[334, 178] : 0
[248, 264] : 0
[242, 270] : 1
[475, 37] : 0
[334, 179] : 0
[249, 264] : 0
[38, 475] : 2
[359, 155] : 0
[255, 260] : 1
[479, 36] : 1
[49, 475] : 1
[186, 338] : 0
[479, 45] : 0
[260, 264] : 0
[420, 105] : 0
[340, 185] : 1
[255, 270] : 0
[186, 340] : 1
[479, 47] : 0
[365, 161] : 0
[155, 371] : 0
[479, 48] : 3
[186, 334] : 0
[475, 45] : 0
[479, 41] : 1
[359, 161] : 0
[155, 365] : 0
[101, 420] : 1
[475, 47] : 0
[433, 89] : 0
[185, 338] : 0
[152, 371] : 0
[237, 286] : 0
[152, 381] : 0
[371, 161] : 0
[10, 522] : 0
[201, 334] : 0
[475, 60] : 0
[249, 286] : 0
[170, 365] : 1
[310, 225] : 0
[264, 270] : 0
[248, 286] : 0
[101, 433] : 1
[170, 359] : 0
[479, 49] : 0
[242, 286] : 0
[9, 522] : 0
[110, 420] : 0
[260, 270] : 0
[441, 89] : 0
[340, 201] : 1
[255, 286] : 0
[170, 371] : 0
[65, 475] : 0
[68, 475] : 0
[123, 420] : 0
[178, 365] : 0
[533, 10] : 0
[110, 433] : 0
[334, 208] : 0
[475, 67] : 1
[381, 161] : 0
[533, 9] : 0
[441, 101] : 2
[117, 420] : 0
[359, 178] : 0
[155, 381] : 0
[152, 384] : 0
[201, 338] : 0
[479, 60] : 0
[155, 384] : 0
[359, 179] : 0
[433, 105] : 0
[550, 60] : 0
[340, 270] : 0
[89, 522] : 0
[170, 441] : 0
[178, 433] : 0
[359, 249] : 0
[237, 371] : 0
[548, 60] : 0
[338, 270] : 0
[549, 60] : 0
[384, 225] : 0
[249, 365] : 0
[255, 359] : 0
[10, 604] : 0
[549, 65] : 0
[548, 67] : 0
[550, 65] : 0
[179, 433] : 0
[248, 365] : 0
[371, 242] : 0
[548, 65] : 0
[9, 604] : 0
[237, 381] : 0
[68, 550] : 0
[185, 433] : 0
[248, 371] : 0
[359, 260] : 0
[441, 178] : 0
[186, 433] : 0
[549, 67] : 0
[68, 548] : 0
[68, 549] : 0
[550, 67] : 1
[533, 48, 41] : 4
[533, 89] : 1
[381, 242] : 0
[101, 522] : 2
[359, 264] : 0
[255, 365] : 0
[371, 249] : 1
[334, 286] : 0
[441, 179] : 0
[201, 420] : 0
[237, 384] : 0
[32, 589] : 1
[522, 105] : 0
[152, 475] : 0
[186, 441] : 0
[38, 589] : 4
[255, 371] : 0
[340, 286] : 0
[384, 242] : 0
[441, 185] : 0
[37, 589] : 0
[260, 365] : 0
[36, 589] : 1
[535, 89] : 2
[338, 286] : 0
[371, 260] : 0
[152, 479] : 0
[249, 381] : 0
[41, 589] : 2
[155, 475] : 0
[248, 381] : 0
[365, 264] : 0
[359, 270] : 0
[208, 420] : 0
[39, 589] : 4
[371, 264] : 0
[365, 270] : 0
[533, 101] : 0
[589, 45] : 1
[479, 155] : 1
[201, 433] : 1
[249, 384] : 0
[110, 522] : 0
[248, 384] : 0
[117, 522] : 0
[550, 89] : 0
[255, 384] : 0
[49, 589] : 0
[533, 105] : 0
[549, 89] : 0
[48, 589] : 4
[548, 89] : 0
[255, 381] : 0
[535, 101] : 0
[589, 47] : 0
[475, 161] : 0
[32, 604] : 1
[334, 242] : 0
[101, 475] : 1
[535, 41] : 4
[237, 340] : 0
[533, 45] : 0
[371, 208] : 0
[338, 242] : 0
[475, 105] : 0
[479, 101] : 1
[535, 45] : 1
[533, 47] : 1
[32, 548] : 3
[310, 270] : 0
[32, 549] : 1
[161, 420] : 0
[248, 334] : 0
[201, 381] : 0
[340, 242] : 0
[533, 49] : 0
[522, 60] : 0
[535, 47] : 1
[550, 32] : 1
[249, 334] : 0
[535, 48] : 4
[359, 225] : 0
[479, 105] : 0
[49, 535] : 0
[548, 36] : 1
[475, 110] : 0
[152, 433] : 0
[549, 36] : 0
[548, 37] : 0
[201, 384] : 0
[338, 248] : 0
[549, 37] : 0
[550, 36] : 0
[548, 38] : 3
[338, 249] : 0
[65, 522] : 1
[549, 38] : 0
[550, 37] : 0
[548, 39] : 4
[340, 248] : 1
[155, 433] : 0
[549, 39] : 2
[550, 38] : 0
[381, 208] : 0
[255, 334] : 0
[340, 249] : 0
[479, 110] : 0
[67, 522] : 0
[550, 39] : 4
[548, 41] : 3
[365, 225] : 0
[68, 522] : 0
[549, 41] : 0
[170, 420] : 2
[550, 41] : 0
[255, 338] : 0
[533, 60] : 0
[152, 441] : 0
[548, 45] : 0
[117, 475] : 1
[384, 208] : 0
[255, 340] : 1
[535, 60] : 1
[548, 47] : 0
[550, 45] : 0
[260, 334] : 0
[549, 45] : 0
[433, 161] : 0
[48, 549] : 2
[49, 548] : 0
[550, 47] : 0
[371, 225] : 0
[237, 359] : 0
[479, 117] : 0
[441, 155] : 0
[310, 286] : 0
[549, 47] : 0
[548, 48] : 4
[179, 420] : 1
[10, 589] : 0
[550, 49] : 0
[475, 123] : 2
[178, 420] : 0
[533, 65] : 0
[334, 264] : 0
[338, 260] : 0
[49, 549] : 0
[550, 48] : 4
[9, 589] : 1
[359, 242] : 0
[68, 533] : 0
[535, 65] : 1
[533, 67] : 0
[340, 260] : 0
[48, 475, 39, 41] : 2
[68, 535] : 0
[170, 433] : 1
[237, 365] : 0
[479, 123] : 0
[535, 67] : 0
[338, 264] : 0
[441, 161] : 0
[185, 420] : 0
[340, 264] : 0
[334, 270] : 0
[365, 242] : 0
[359, 248] : 0
[381, 225] : 0
[186, 420] : 1
[479, 208] : 0
[152, 535] : 0
[10, 677] : 0
[38, 649] : 1
[9, 677] : 0
[649, 37] : 0
[533, 152] : 0
[649, 36] : 0
[264, 420] : 0
[475, 208] : 0
[441, 242] : 0
[161, 522] : 0
[249, 433] : 0
[32, 649] : 0
[371, 310] : 0
[248, 433] : 0
[479, 201] : 0
[260, 420] : 0
[89, 589] : 0
[340, 338] : 1
[441, 237] : 1
[155, 522] : 0
[201, 475] : 0
[255, 420] : 0
[665, 10] : 0
[310, 365] : 0
[433, 242] : 0
[340, 334] : 0
[152, 522] : 0
[665, 9] : 0
[550, 123] : 0
[338, 334] : 1
[68, 604] : 1
[549, 123] : 0
[152, 550] : 0
[665, 37] : 0
[338, 365] : 1
[548, 155] : 0
[433, 270] : 0
[533, 170] : 0
[38, 665] : 0
[475, 225] : 0
[178, 522] : 0
[152, 548] : 0
[179, 522] : 0
[441, 260] : 0
[152, 549] : 0
[665, 36] : 0
[49, 649] : 0
[110, 589] : 1
[334, 365] : 0
[359, 340] : 0
[255, 441] : 1
[649, 47] : 1
[535, 161] : 0
[359, 338] : 0
[433, 264] : 0
[32, 665] : 1
[48, 649] : 3
[589, 105] : 0
[310, 384] : 0
[649, 45] : 0
[533, 161] : 0
[170, 522] : 0
[89, 604] : 1
[359, 334] : 0
[260, 433] : 0
[101, 589] : 0
[535, 155] : 2
[270, 420] : 0
[441, 249] : 1
[649, 41] : 1
[310, 381] : 0
[533, 155] : 0
[649, 39] : 4
[255, 433] : 0
[441, 248] : 0
[475, 178] : 0
[49, 604] : 0
[548, 105] : 0
[48, 604] : 4
[117, 535] : 0
[550, 105] : 0
[65, 589] : 1
[475, 179] : 1
[549, 105] : 0
[384, 270] : 0
[589, 60] : 1
[604, 45] : 0
[548, 101] : 0
[441, 208] : 0
[479, 170] : 1
[264, 384] : 1
[338, 310] : 0
[604, 47] : 0
[365, 286] : 0
[550, 101] : 1
[381, 270] : 0
[533, 117] : 1
[101, 549] : 1
[340, 310] : 0
[170, 475] : 2
[381, 264] : 0
[359, 286] : 1
[41, 604] : 2
[123, 522] : 0
[420, 225] : 0
[535, 110] : 0
[310, 334] : 0
[260, 384] : 0
[48, 475, 123] : 2
[433, 208] : 0
[37, 604] : 0
[371, 270] : 0
[260, 381] : 0
[36, 604] : 0
[479, 161] : 0
[535, 105] : 1
[39, 604] : 4
[533, 110] : 1
[38, 604] : 4
[441, 201] : 0
[248, 420] : 0
[359, 310] : 0
[249, 420] : 0
[65, 604] : 0
[237, 433] : 0
[384, 286] : 0
[548, 123] : 0
[67, 604] : 1
[479, 185] : 0
[604, 60] : 0
[117, 548] : 0
[186, 479] : 0
[441, 225] : 0
[117, 549] : 0
[550, 117] : 2
[381, 286] : 0
[550, 110] : 0
[185, 475] : 0
[186, 475] : 1
[242, 420] : 0
[533, 123] : 0
[67, 589] : 0
[371, 286] : 0
[479, 178] : 0
[237, 420] : 0
[68, 589] : 0
[433, 225] : 0
[649, 9] : 0
[548, 110] : 1
[535, 123] : 0
[479, 179] : 0
[649, 10] : 0
[549, 110] : 0
[225, 522] : 0
[381, 365] : 0
[475, 270] : 0
[68, 677] : 0
[67, 677] : 0
[155, 589] : 3
[441, 310] : 1
[550, 201] : 0
[101, 649] : 0
[549, 201] : 0
[10, 740] : 0
[161, 589] : 0
[479, 270] : 0
[365, 384] : 0
[9, 740] : 0
[548, 201] : 0
[479, 260] : 0
[475, 264] : 0
[649, 89] : 1
[677, 60] : 0
[186, 550] : 0
[535, 201] : 0
[371, 365] : 0
[310, 433] : 0
[359, 384] : 0
[479, 264] : 0
[535, 208] : 1
[65, 677] : 0
[152, 589] : 0
[533, 208] : 0
[359, 381] : 0
[535, 225] : 0
[340, 420] : 1
[475, 286] : 0
[48, 677, 41] : 2
[117, 649] : 0
[677, 89] : 0
[101, 665] : 0
[334, 433] : 0
[178, 589] : 1
[242, 522] : 0
[381, 384] : 1
[479, 286] : 0
[161, 604] : 2
[649, 105] : 0
[665, 89] : 0
[334, 420] : 0
[371, 384] : 0
[371, 381] : 0
[550, 208] : 0
[533, 225] : 0
[338, 420] : 0
[649, 110] : 0
[170, 589] : 2
[155, 604] : 1
[237, 522] : 0
[548, 208] : 0
[152, 604] : 0
[39, 677, 41] : 3
[549, 208] : 0
[36, 677] : 0
[535, 178] : 0
[48, 665] : 3
[665, 47] : 0
[533, 179] : 0
[237, 475] : 1
[123, 589] : 0
[38, 677] : 0
[381, 334] : 0
[649, 65] : 0
[37, 677] : 0
[535, 179] : 0
[49, 665] : 0
[110, 604] : 1
[68, 649] : 1
[475, 242] : 0
[649, 67] : 0
[479, 237] : 0
[170, 549] : 0
[433, 286] : 0
[186, 533] : 0
[338, 381] : 0
[334, 384] : 0
[677, 41] : 4
[170, 548] : 1
[533, 185] : 1
[170, 535] : 0
[550, 155] : 0
[441, 264] : 0
[340, 365] : 0
[371, 334] : 0
[101, 604] : 1
[665, 39] : 4
[155, 549] : 0
[479, 225] : 0
[185, 522] : 0
[420, 286] : 0
[665, 41] : 1
[117, 589] : 0
[649, 60] : 0
[32, 677] : 1
[548, 161] : 0
[338, 371] : 0
[604, 105] : 0
[186, 522] : 0
[441, 270] : 0
[550, 161] : 0
[533, 178] : 0
[340, 371] : 0
[549, 161] : 0
[665, 45] : 0
[550, 178] : 0
[549, 179] : 0
[479, 249] : 1
[550, 179] : 0
[310, 420] : 0
[208, 522] : 0
[65, 665] : 0
[255, 475] : 0
[359, 371] : 0
[665, 67] : 1
[548, 185] : 0
[68, 665] : 0
[186, 548] : 1
[185, 549] : 0
[533, 201] : 0
[255, 479] : 1
[550, 185] : 0
[186, 549] : 0
[475, 260] : 0
[550, 170] : 0
[535, 185] : 1
[186, 535] : 0
[479, 242] : 0
[340, 381] : 0
[117, 604] : 0
[338, 384] : 0
[677, 45] : 0
[201, 522] : 1
[475, 248] : 0
[340, 384] : 0
[677, 47] : 0
[475, 249] : 0
[359, 365] : 1
[665, 60] : 0
[49, 677] : 1
[548, 178] : 0
[548, 179] : 0
[549, 178] : 0
[441, 286] : 0
[479, 248] : 0
[123, 604] : 0
[32, 789] : 1
[535, 286] : 0
[39, 41, 740] : 3
[550, 270] : 0
[155, 665] : 0
[441, 381] : 0
[433, 384] : 0
[152, 665] : 0
[479, 338] : 0
[38, 41, 740] : 3
[170, 649] : 0
[10, 809] : 0
[549, 270] : 0
[533, 286] : 0
[479, 340] : 0
[9, 809] : 1
[548, 270] : 0
[152, 677] : 0
[89, 740] : 0
[604, 225] : 0
[649, 179] : 1
[789, 39] : 3
[242, 589] : 0
[789, 41] : 2
[789, 36] : 0
[441, 384] : 0
[649, 178] : 0
[789, 38] : 1
[665, 161] : 0
[789, 37] : 0
[237, 589] : 1
[371, 433] : 0
[384, 420] : 0
[255, 549] : 0
[155, 649] : 0
[48, 39, 677, 41] : 1
[535, 270] : 0
[550, 255] : 0
[201, 604] : 0
[65, 740] : 0
[441, 365] : 0
[67, 740] : 0
[441, 359] : 0
[677, 123] : 1
[740, 60] : 0
[152, 649] : 0
[381, 420] : 0
[533, 270] : 0
[255, 548] : 0
[441, 371] : 0
[548, 264] : 1
[208, 604] : 0
[549, 264] : 1
[479, 334] : 0
[338, 475] : 0
[38, 36, 740] : 4
[381, 433] : 0
[550, 264] : 0
[589, 225] : 0
[39, 36, 740] : 3
[340, 475] : 0
[548, 260] : 0
[286, 522] : 0
[68, 740] : 0
[549, 260] : 0
[475, 334] : 0
[649, 161] : 0
[550, 260] : 0
[549, 242] : 0
[371, 420] : 0
[548, 242] : 0
[186, 604] : 0
[255, 535] : 1
[201, 589] : 0
[479, 310] : 0
[49, 740] : 1
[185, 604] : 0
[533, 255] : 0
[48, 740] : 4
[665, 123] : 0
[110, 677] : 0
[550, 237] : 1
[47, 740] : 0
[237, 549] : 0
[264, 522] : 0
[475, 310] : 0
[237, 548] : 0
[740, 45] : 0
[365, 420] : 0
[535, 249] : 0
[789, 10] : 0
[550, 249] : 0
[535, 264] : 0
[365, 433] : 0
[789, 9] : 1
[549, 249] : 0
[550, 248] : 0
[549, 248] : 0
[548, 249] : 0
[533, 264] : 0
[208, 589] : 0
[548, 248] : 1
[535, 260] : 0
[117, 677] : 0
[533, 260] : 0
[359, 433] : 0
[270, 522] : 0
[550, 242] : 0
[170, 604] : 2
[549, 225] : 0
[185, 589] : 0
[441, 334] : 0
[550, 225] : 0
[533, 242] : 0
[186, 589] : 0
[665, 110] : 0
[649, 123] : 0
[32, 740] : 2
[237, 535] : 0
[340, 433] : 0
[548, 225] : 0
[248, 522] : 0
[533, 237] : 0
[665, 105] : 0
[338, 433] : 0
[249, 522] : 0
[179, 589] : 0
[677, 105] : 0
[260, 522] : 0
[533, 249] : 0
[117, 665] : 1
[178, 604] : 0
[535, 248] : 0
[179, 604] : 0
[441, 340] : 0
[41, 740] : 3
[533, 248] : 1
[101, 677] : 0
[441, 338] : 0
[359, 420] : 0
[36, 740] : 4
[37, 740] : 0
[255, 522] : 0
[535, 242] : 0
[359, 522] : 0
[549, 334] : 0
[548, 334] : 0
[677, 208] : 0
[39, 36, 809] : 1
[550, 334] : 0
[824, 60] : 0
[549, 338] : 0
[365, 522] : 0
[237, 649] : 0
[548, 338] : 0
[39, 41, 809] : 2
[340, 549] : 0
[65, 824] : 1
[550, 338] : 0
[548, 340] : 1
[649, 242] : 0
[67, 824] : 0
[789, 101] : 0
[550, 340] : 0
[604, 286] : 0
[665, 225] : 0
[48, 36, 809] : 1
[371, 522] : 0
[68, 824] : 0
[152, 740] : 0
[533, 359] : 0
[48, 38, 809] : 1
[155, 740] : 0
[475, 420] : 0
[789, 105] : 0
[535, 359] : 0
[260, 604] : 0
[41, 824] : 1
[201, 665] : 1
[533, 334] : 0
[264, 604] : 0
[809, 60] : 0
[824, 45] : 0
[535, 334] : 0
[47, 824] : 0
[533, 338] : 1
[48, 824] : 4
[49, 824] : 0
[533, 340] : 1
[535, 338] : 1
[665, 208] : 0
[649, 225] : 0
[441, 433] : 0
[65, 809] : 0
[270, 604] : 0
[589, 286] : 0
[535, 340] : 1
[67, 809] : 0
[68, 809] : 0
[789, 89] : 0
[201, 677] : 0
[186, 665] : 0
[201, 649] : 0
[41, 809] : 2
[185, 665] : 0
[479, 371] : 0
[110, 740] : 0
[789, 60] : 0
[260, 589] : 0
[48, 677, 123] : 1
[178, 677] : 0
[789, 65] : 0
[809, 45] : 0
[38, 39, 36, 740] : 3
[433, 420] : 0
[264, 589] : 0
[249, 604] : 1
[248, 604] : 0
[270, 589] : 0
[475, 384] : 0
[549, 310] : 0
[255, 604] : 2
[38, 39, 41, 740] : 3
[49, 809] : 0
[548, 310] : 0
[649, 208] : 0
[68, 789] : 1
[117, 740] : 0
[789, 67] : 3
[47, 809] : 0
[179, 677] : 0
[32, 824] : 1
[334, 522] : 0
[475, 381] : 0
[479, 384] : 1
[186, 677] : 0
[123, 740] : 0
[185, 677] : 0
[38, 824] : 2
[340, 522] : 0
[441, 420] : 0
[37, 824] : 0
[550, 310] : 1
[36, 824] : 0
[338, 522] : 0
[479, 381] : 0
[185, 649] : 0
[789, 45] : 0
[10, 824] : 0
[548, 286] : 0
[359, 475] : 0
[186, 649] : 1
[170, 665] : 0
[549, 286] : 0
[310, 522] : 2
[155, 677] : 0
[9, 824] : 1
[49, 789] : 0
[161, 677] : 0
[479, 359] : 0
[249, 589] : 1
[789, 47] : 0
[550, 286] : 0
[248, 589] : 0
[533, 310] : 0
[665, 178] : 0
[475, 365] : 1
[32, 809] : 0
[101, 740] : 0
[237, 604] : 1
[37, 809] : 0
[475, 371] : 0
[242, 604] : 1
[38, 809] : 1
[170, 677] : 0
[665, 179] : 0
[479, 365] : 0
[255, 589] : 0
[535, 310] : 0
[36, 809] : 1
[105, 740] : 0
[649, 310] : 0
[170, 789] : 0
[533, 420] : 0
[479, 475] : 0
[365, 589] : 1
[433, 522] : 1
[535, 420] : 0
[208, 740] : 0
[359, 589] : 1
[789, 161] : 0
[665, 286] : 0
[789, 155] : 0
[340, 604] : 0
[677, 270] : 0
[123, 824] : 0
[264, 677] : 0
[117, 824] : 0
[152, 789] : 0
[201, 740] : 0
[420, 522] : 0
[338, 604] : 0
[48, 39, 41, 809] : 2
[260, 677] : 0
[334, 604] : 0
[549, 384] : 1
[48, 39, 36, 809] : 1
[123, 809] : 0
[255, 677] : 0
[548, 384] : 1
[665, 270] : 0
[649, 286] : 0
[550, 384] : 0
[110, 824] : 0
[548, 381] : 0
[824, 105] : 1
[665, 264] : 0
[340, 589] : 0
[550, 381] : 0
[549, 381] : 0
[117, 809] : 0
[249, 677] : 0
[186, 740] : 0
[338, 589] : 0
[248, 677] : 0
[101, 824] : 3
[665, 260] : 1
[185, 740] : 0
[334, 589] : 0
[479, 441] : 1
[549, 371] : 0
[255, 665] : 0
[550, 371] : 0
[178, 740] : 0
[110, 809] : 0
[649, 270] : 0
[535, 384] : 1
[677, 242] : 0
[548, 371] : 0
[179, 740] : 0
[441, 475] : 1
[535, 381] : 0
[533, 384] : 0
[310, 604] : 1
[809, 105] : 0
[237, 677] : 0
[549, 365] : 0
[533, 381] : 0
[665, 249] : 0
[550, 365] : 0
[479, 433] : 0
[789, 123] : 1
[548, 365] : 1
[89, 824] : 0
[649, 264] : 0
[665, 248] : 0
[170, 740] : 1
[101, 809] : 1
[550, 359] : 0
[649, 260] : 0
[475, 433] : 0
[359, 549] : 0
[548, 359] : 0
[665, 242] : 0
[117, 789] : 1
[384, 522] : 0
[535, 371] : 0
[39, 41, 824] : 1
[255, 649] : 0
[533, 371] : 0
[381, 522] : 0
[677, 225] : 0
[237, 665] : 0
[161, 740] : 0
[535, 365] : 1
[310, 589] : 0
[789, 110] : 0
[479, 420] : 1
[48, 41, 809] : 2
[649, 249] : 0
[89, 809] : 0
[533, 365] : 1
[649, 248] : 0
[208, 809] : 1
[340, 677] : 1
[649, 371] : 0
[433, 589] : 0
[548, 475] : 1
[359, 649] : 0
[533, 475] : 0
[185, 824] : 0
[589, 420] : 1
[201, 809] : 0
[270, 740] : 0
[186, 824] : 0
[535, 475] : 0
[334, 677] : 0
[533, 479] : 0
[1004, 9] : 0
[649, 365] : 0
[789, 225] : 1
[1004, 10] : 1
[479, 535] : 1
[338, 677] : 0
[479, 522] : 0
[260, 740] : 0
[179, 824] : 1
[338, 665] : 0
[178, 824] : 0
[340, 665] : 0
[264, 740] : 0
[186, 809] : 0
[255, 740] : 0
[185, 809] : 0
[170, 824] : 1
[789, 208] : 0
[475, 522] : 0
[665, 334] : 0
[649, 338] : 0
[178, 809] : 0
[310, 677] : 0
[161, 824] : 0
[381, 604] : 0
[789, 201] : 0
[441, 549] : 0
[550, 441] : 2
[179, 809] : 0
[384, 604] : 0
[248, 740] : 1
[340, 649] : 0
[441, 548] : 0
[249, 740] : 1
[170, 809] : 0
[155, 824] : 1
[441, 535] : 0
[152, 824] : 0
[237, 740] : 0
[549, 433] : 0
[242, 740] : 0
[649, 334] : 0
[550, 433] : 0
[548, 433] : 0
[161, 809] : 0
[550, 420] : 0
[381, 589] : 0
[549, 420] : 0
[365, 604] : 0
[39, 824, 105] : 1
[535, 433] : 0
[789, 179] : 0
[548, 420] : 0
[665, 310] : 0
[186, 789] : 0
[371, 604] : 0
[789, 185] : 0
[533, 441] : 0
[384, 589] : 0
[441, 522] : 0
[677, 286] : 0
[359, 604] : 0
[152, 809] : 0
[371, 589] : 0
[789, 178] : 0
[533, 433] : 0
[225, 740] : 0
[155, 809] : 0
[677, 420] : 0
[548, 549] : 2
[665, 433] : 0
[550, 548] : 0
[789, 310] : 0
[550, 549] : 0
[359, 740] : 0
[1004, 89] : 0
[270, 824] : 0
[809, 286] : 0
[264, 824] : 0
[441, 649] : 1
[310, 809] : 0
[441, 677] : 0
[1004, 110] : 0
[1004, 105] : 0
[589, 522] : 0
[371, 740] : 1
[433, 677] : 0
[286, 824] : 0
[365, 740] : 0
[101, 1004] : 1
[441, 665] : 1
[310, 824] : 0
[479, 649] : 0
[789, 340] : 0
[604, 522] : 0
[789, 338] : 0
[1004, 123] : 0
[649, 475] : 0
[384, 740] : 0
[535, 589] : 1
[533, 589] : 0
[789, 334] : 0
[381, 740] : 0
[117, 1004] : 0
[38, 371, 740] : 1
[340, 809] : 0
[789, 359] : 0
[338, 809] : 0
[479, 665] : 0
[334, 809] : 0
[475, 665] : 1
[550, 589] : 0
[535, 604] : 0
[549, 589] : 0
[548, 589] : 0
[533, 604] : 0
[208, 824] : 0
[649, 384] : 0
[809, 225] : 0
[32, 1004] : 0
[359, 677] : 0
[665, 371] : 0
[433, 604] : 0
[789, 248] : 0
[789, 249] : 0
[549, 475] : 0
[359, 665] : 0
[604, 420] : 0
[550, 475] : 1
[201, 824] : 0
[237, 789] : 0
[286, 740] : 0
[39, 248, 740] : 1
[479, 548] : 0
[479, 549] : 0
[550, 479] : 0
[649, 381] : 0
[441, 589] : 0
[665, 365] : 0
[789, 242] : 0
[665, 384] : 0
[824, 225] : 0
[789, 260] : 0
[1004, 45] : 0
[371, 677] : 0
[242, 809] : 0
[1004, 47] : 0
[310, 740] : 0
[789, 264] : 0
[49, 1004] : 2
[48, 1004] : 3
[533, 522] : 0
[1004, 37] : 0
[1004, 36] : 0
[1004, 39] : 3
[38, 1004] : 0
[365, 677] : 0
[441, 604] : 0
[1004, 41] : 0
[255, 789] : 2
[237, 809] : 0
[665, 381] : 0
[242, 824] : 0
[255, 809] : 1
[1004, 60] : 0
[475, 589] : 0
[548, 522] : 0
[549, 522] : 1
[1004, 67] : 0
[533, 535] : 1
[479, 589] : 1
[649, 420] : 0
[260, 809] : 0
[1004, 65] : 1
[249, 809] : 1
[381, 677] : 0
[789, 270] : 0
[248, 809] : 0
[535, 522] : 1
[677, 384] : 0
[237, 824] : 0
[533, 550] : 0
[535, 548] : 0
[479, 604] : 0
[649, 433] : 0
[533, 549] : 0
[533, 548] : 0
[340, 740] : 0
[550, 535] : 0
[665, 420] : 0
[535, 549] : 0
[260, 824] : 0
[789, 286] : 0
[334, 740] : 2
[249, 824] : 0
[264, 809] : 0
[550, 522] : 0
[248, 824] : 0
[68, 1004] : 0
[270, 809] : 0
[255, 824] : 0
[475, 604] : 0
[338, 740] : 0
[789, 433] : 0
[479, 740] : 0
[420, 809] : 0
[1004, 225] : 0
[441, 789] : 1
[548, 677] : 1
[550, 677] : 0
[549, 677] : 0
[649, 589] : 0
[48, 475, 39, 677] : 1
[420, 824] : 1
[1004, 242] : 0
[237, 1004] : 0
[433, 809] : 0
[665, 589] : 0
[649, 604] : 0
[1004, 249] : 0
[1004, 248] : 0
[441, 809] : 2
[522, 740] : 0
[255, 1004] : 0
[433, 824] : 0
[479, 789] : 0
[1004, 264] : 1
[665, 604] : 0
[677, 589] : 0
[789, 475] : 1
[1004, 260] : 0
[441, 824] : 0
[1004, 270] : 0
[535, 740] : 0
[533, 740] : 0
[549, 604] : 0
[475, 677] : 1
[548, 604] : 0
[789, 365] : 0
[550, 604] : 0
[479, 677] : 0
[152, 1004] : 0
[155, 1004] : 0
[334, 824] : 0
[789, 371] : 0
[420, 740] : 0
[338, 824] : 0
[1004, 161] : 0
[340, 824] : 0
[359, 809] : 0
[789, 381] : 0
[649, 522] : 0
[433, 740] : 0
[789, 384] : 0
[170, 1004] : 0
[365, 809] : 0
[371, 809] : 0
[441, 740] : 1
[533, 649] : 0
[1004, 178] : 0
[359, 824] : 0
[1004, 179] : 0
[665, 522] : 0
[535, 649] : 0
[381, 809] : 0
[186, 1004] : 0
[365, 824] : 0
[185, 1004] : 1
[371, 824] : 0
[384, 809] : 0
[604, 589] : 1
[677, 522] : 0
[550, 649] : 0
[549, 649] : 0
[533, 665] : 0
[548, 649] : 0
[48, 475, 677] : 1
[535, 665] : 0
[381, 824] : 0
[201, 1004] : 0
[533, 677] : 0
[384, 824] : 0
[789, 420] : 0
[549, 665] : 0
[550, 665] : 1
[475, 740] : 0
[535, 677] : 0
[1004, 208] : 0
[548, 665] : 0
[1004, 371] : 0
[550, 824] : 0
[549, 824] : 1
[548, 824] : 0
[1004, 365] : 0
[359, 1004] : 0
[549, 809] : 0
[550, 809] : 0
[535, 824] : 0
[548, 809] : 0
[533, 824] : 0
[824, 522] : 2
[535, 809] : 0
[340, 1004] : 0
[604, 740] : 0
[665, 740] : 0
[589, 809] : 0
[789, 604] : 0
[1004, 384] : 0
[649, 740] : 0
[1004, 381] : 0
[789, 589] : 0
[789, 522] : 0
[475, 824] : 0
[479, 824] : 1
[550, 740] : 0
[1004, 286] : 0
[479, 809] : 1
[548, 740] : 0
[549, 740] : 0
[677, 604] : 0
[475, 809] : 0
[789, 548] : 0
[550, 789] : 1
[789, 549] : 1
[1004, 334] : 0
[533, 809] : 0
[665, 677] : 0
[1004, 338] : 0
[589, 740] : 0
[809, 522] : 0
[533, 789] : 0
[535, 789] : 0
[649, 677] : 0
[1004, 310] : 0
[649, 665] : 0
[665, 824] : 0
[677, 824] : 0
[1004, 475] : 0
[665, 809] : 0
[649, 824] : 1
[677, 809] : 0
[479, 1004] : 0
[1004, 522] : 1
[789, 740] : 0
[1004, 420] : 0
[604, 824] : 0
[789, 649] : 0
[1004, 433] : 0
[604, 809] : 0
[589, 824] : 1
[677, 740] : 0
[649, 809] : 0
[789, 677] : 0
[441, 1004] : 0
[789, 665] : 1
[809, 824] : 0
[649, 1004] : 0
[1004, 604] : 0
[789, 824] : 0
[789, 809] : 0
[1004, 589] : 0
[39, 809, 740] : 1
[809, 740] : 1
[533, 1004] : 0
[535, 1004] : 1
[824, 740] : 0
[549, 1004] : 1
[548, 1004] : 0
[550, 1004] : 0
[1004, 740] : 0
[1004, 665] : 0
[1004, 677] : 1
[1004, 824] : 1
[1004, 809] : 0
[789, 1004] : 0
