Number of itemsets: 67
Computation time: 323739833 Nano seconds

[48, 89] : 11
[38, 371] : 5
[101, 39] : 5
[38, 105] : 7
[237, 39] : 7
[39, 89] : 11
[41, 89] : 6
[39, 248] : 6
[237, 48] : 6
[48, 110] : 6
[39, 105] : 7
[535, 39] : 6
[533, 41] : 5
[38, 110] : 16
[101, 48] : 6
[39, 110] : 10
[110, 41] : 11
[48, 123] : 5
[475, 39] : 7
[48, 475] : 8
[248, 41] : 5
[255, 39] : 8
[255, 41] : 5
[38, 740] : 7
[39, 740] : 7
[255, 48] : 11
[32, 38] : 12
[32, 39] : 22
[39, 161] : 7
[48, 155] : 6
[38, 39] : 69
[36, 41] : 9
[38, 41] : 40
[32, 41] : 15
[38, 36] : 22
[38, 37] : 7
[39, 36] : 14
[155, 39] : 7
[38, 47] : 5
[48, 37] : 5
[39, 45] : 5
[48, 36] : 11
[38, 286] : 6
[48, 39] : 147
[48, 38] : 51
[39, 41] : 77
[32, 48] : 17
[170, 48] : 13
[48, 41] : 55
[170, 38] : 25
[49, 39] : 7
[170, 39] : 15
[170, 41] : 8
[39, 809] : 5
[39, 677] : 7
[533, 48] : 5
[49, 48] : 7
[340, 41] : 5
[48, 809] : 6
[39, 824] : 5
[65, 39] : 6
[441, 48] : 6
[48, 65] : 6
[789, 48] : 5
[38, 89] : 6
[48, 677] : 6
[441, 39] : 6
