Number of itemsets: 44
Computation time: 9954586 Nano seconds

[49, 48, 39] : 7
[255, 48, 39] : 6
[38, 39, 740] : 6
[48, 39, 110] : 5
[48, 39, 41] : 47
[48, 38, 110] : 6
[48, 110, 41] : 5
[48, 65, 39] : 5
[170, 48, 38] : 13
[237, 48, 39] : 6
[170, 48, 39] : 8
[48, 39, 475] : 7
[48, 39, 677] : 5
[39, 41, 89] : 6
[48, 38, 89] : 5
[32, 38, 41] : 5
[32, 38, 39] : 9
[38, 39, 89] : 5
[32, 48, 39] : 13
[38, 39, 41] : 30
[32, 48, 38] : 5
[38, 39, 110] : 10
[39, 36, 41] : 6
[38, 36, 41] : 9
[170, 39, 41] : 6
[39, 110, 41] : 8
[441, 48, 39] : 5
[38, 39, 36] : 14
[170, 38, 41] : 8
[32, 39, 41] : 10
[38, 110, 41] : 10
[48, 38, 41] : 21
[48, 41, 89] : 5
[170, 38, 39] : 15
[48, 38, 39] : 36
[48, 36, 41] : 5
[48, 39, 89] : 9
[48, 39, 36] : 6
[48, 38, 37] : 5
[155, 48, 39] : 5
[38, 39, 105] : 6
[48, 38, 36] : 11
[32, 48, 41] : 8
[48, 39, 809] : 5
