Number of itemsets: 903
Computation time: 102492367 Nano seconds

[32, 9]
[37, 9]
[38, 9]
[36, 9]
[9, 41]
[39, 9]
[49, 9]
[48, 9]
[32, 36]
[9, 60]
[32, 37]
[32, 38]
[32, 39]
[39, 37]
[68, 9]
[38, 39]
[36, 41]
[37, 41]
[38, 41]
[32, 41]
[36, 37]
[65, 9]
[38, 36]
[38, 37]
[39, 36]
[49, 36]
[48, 37]
[48, 36]
[49, 38]
[48, 39]
[48, 38]
[49, 37]
[49, 32]
[32, 48]
[39, 41]
[32, 60]
[48, 41]
[49, 39]
[49, 41]
[65, 37]
[38, 65]
[68, 32]
[41, 60]
[65, 36]
[9, 89]
[38, 60]
[39, 60]
[36, 60]
[49, 48]
[32, 65]
[37, 60]
[101, 9]
[48, 60]
[49, 60]
[68, 41]
[68, 38]
[65, 41]
[68, 39]
[68, 36]
[39, 65]
[68, 37]
[110, 9]
[68, 49]
[68, 48]
[9, 105]
[49, 65]
[48, 65]
[38, 89]
[37, 89]
[65, 60]
[36, 89]
[32, 89]
[48, 89]
[32, 105]
[101, 36]
[101, 38]
[49, 89]
[101, 37]
[36, 105]
[101, 39]
[38, 105]
[32, 110]
[101, 41]
[37, 105]
[68, 60]
[39, 89]
[41, 89]
[68, 65]
[32, 101]
[9, 123]
[48, 105]
[49, 105]
[65, 89]
[32, 123]
[68, 89]
[48, 110]
[36, 123]
[49, 110]
[39, 105]
[41, 105]
[36, 110]
[37, 110]
[38, 110]
[89, 60]
[48, 101]
[39, 110]
[49, 101]
[110, 41]
[48, 123]
[9, 161]
[65, 105]
[110, 60]
[68, 101]
[65, 110]
[68, 105]
[49, 123]
[39, 123]
[101, 60]
[38, 123]
[37, 123]
[101, 65]
[60, 105]
[41, 123]
[155, 9]
[32, 155]
[101, 89]
[68, 123]
[155, 36]
[65, 123]
[68, 110]
[170, 9]
[123, 60]
[49, 155]
[170, 37]
[170, 36]
[101, 105]
[39, 161]
[48, 155]
[170, 32]
[161, 41]
[36, 161]
[155, 41]
[110, 89]
[38, 161]
[37, 161]
[155, 38]
[32, 161]
[155, 37]
[185, 9]
[155, 39]
[89, 105]
[155, 65]
[161, 60]
[185, 36]
[185, 37]
[68, 155]
[185, 38]
[32, 185]
[170, 48]
[170, 49]
[123, 89]
[155, 60]
[110, 105]
[170, 38]
[48, 161]
[170, 39]
[49, 161]
[170, 41]
[101, 110]
[68, 170]
[170, 65]
[49, 185]
[185, 48]
[110, 123]
[170, 60]
[68, 161]
[123, 105]
[185, 41]
[65, 161]
[101, 123]
[185, 39]
[68, 185]
[185, 65]
[161, 89]
[9, 242]
[237, 9]
[155, 89]
[185, 60]
[170, 105]
[237, 38]
[185, 89]
[32, 242]
[237, 37]
[237, 36]
[37, 242]
[155, 123]
[237, 41]
[36, 242]
[237, 39]
[41, 242]
[39, 242]
[170, 110]
[32, 248]
[38, 242]
[255, 32]
[39, 248]
[49, 237]
[185, 101]
[38, 248]
[237, 48]
[248, 37]
[161, 123]
[248, 36]
[170, 89]
[101, 155]
[248, 9]
[101, 161]
[155, 105]
[161, 105]
[255, 9]
[155, 110]
[170, 101]
[110, 161]
[237, 32]
[68, 237]
[255, 49]
[65, 242]
[248, 60]
[185, 123]
[68, 242]
[65, 248]
[255, 60]
[68, 248]
[155, 161]
[310, 9]
[32, 286]
[248, 41]
[48, 242]
[185, 105]
[49, 242]
[255, 36]
[255, 37]
[170, 123]
[255, 38]
[255, 39]
[9, 286]
[185, 110]
[48, 248]
[255, 41]
[49, 248]
[237, 60]
[242, 60]
[237, 65]
[255, 48]
[334, 9]
[101, 242]
[32, 310]
[237, 105]
[185, 155]
[237, 101]
[248, 89]
[65, 286]
[310, 41]
[340, 9]
[101, 248]
[39, 310]
[38, 310]
[242, 105]
[237, 110]
[37, 310]
[185, 161]
[286, 60]
[36, 310]
[255, 89]
[237, 89]
[41, 286]
[38, 286]
[170, 155]
[39, 286]
[36, 286]
[37, 286]
[68, 255]
[255, 65]
[48, 286]
[49, 286]
[242, 89]
[170, 161]
[39, 334]
[32, 340]
[38, 334]
[89, 286]
[65, 310]
[334, 41]
[359, 9]
[248, 123]
[37, 334]
[36, 334]
[310, 60]
[340, 41]
[49, 334]
[48, 334]
[340, 37]
[340, 36]
[340, 39]
[255, 123]
[68, 310]
[340, 38]
[255, 101]
[48, 310]
[248, 110]
[49, 310]
[110, 242]
[248, 105]
[68, 286]
[170, 185]
[242, 123]
[255, 110]
[32, 334]
[255, 105]
[237, 123]
[255, 155]
[101, 310]
[49, 359]
[68, 340]
[248, 161]
[123, 286]
[310, 105]
[170, 242]
[68, 334]
[161, 242]
[155, 248]
[359, 41]
[340, 60]
[48, 359]
[170, 237]
[340, 65]
[359, 36]
[334, 60]
[237, 155]
[65, 334]
[310, 89]
[237, 161]
[359, 39]
[155, 242]
[359, 38]
[110, 286]
[359, 37]
[101, 286]
[286, 105]
[32, 359]
[49, 340]
[48, 340]
[255, 185]
[155, 286]
[101, 340]
[110, 334]
[340, 105]
[161, 286]
[185, 248]
[310, 123]
[101, 334]
[334, 105]
[255, 170]
[359, 65]
[185, 242]
[68, 359]
[340, 89]
[255, 161]
[359, 60]
[170, 248]
[310, 110]
[334, 89]
[237, 185]
[441, 37]
[441, 38]
[237, 242]
[441, 36]
[441, 32]
[185, 286]
[310, 161]
[359, 110]
[359, 105]
[155, 310]
[340, 123]
[359, 101]
[334, 123]
[170, 286]
[441, 9]
[340, 110]
[359, 89]
[68, 441]
[170, 340]
[475, 36]
[170, 334]
[441, 65]
[32, 475]
[340, 161]
[441, 60]
[255, 248]
[255, 242]
[255, 237]
[155, 340]
[334, 161]
[185, 310]
[155, 334]
[441, 48]
[248, 242]
[441, 49]
[237, 248]
[475, 9]
[441, 39]
[170, 310]
[359, 123]
[441, 41]
[441, 110]
[441, 105]
[237, 310]
[185, 359]
[535, 9]
[36, 522]
[248, 310]
[37, 522]
[548, 9]
[32, 522]
[310, 242]
[535, 32]
[533, 32]
[255, 310]
[475, 89]
[441, 123]
[41, 522]
[39, 522]
[38, 522]
[533, 41]
[535, 39]
[535, 38]
[533, 39]
[535, 37]
[49, 522]
[237, 334]
[533, 38]
[535, 36]
[48, 522]
[533, 37]
[533, 36]
[475, 41]
[185, 334]
[475, 37]
[38, 475]
[39, 475]
[359, 155]
[49, 475]
[185, 340]
[359, 161]
[237, 286]
[48, 475]
[475, 60]
[248, 286]
[170, 359]
[242, 286]
[9, 522]
[441, 89]
[255, 286]
[65, 475]
[68, 475]
[533, 9]
[441, 101]
[89, 522]
[170, 441]
[548, 60]
[255, 359]
[9, 604]
[548, 65]
[68, 548]
[533, 89]
[101, 522]
[334, 286]
[32, 589]
[522, 105]
[38, 589]
[340, 286]
[441, 185]
[37, 589]
[36, 589]
[535, 89]
[41, 589]
[155, 475]
[39, 589]
[533, 101]
[110, 522]
[533, 105]
[49, 589]
[48, 589]
[548, 89]
[475, 161]
[32, 604]
[535, 101]
[535, 41]
[101, 475]
[334, 242]
[237, 340]
[32, 548]
[475, 105]
[533, 48]
[533, 49]
[522, 60]
[340, 242]
[248, 334]
[535, 48]
[49, 535]
[548, 36]
[548, 37]
[475, 110]
[548, 38]
[548, 39]
[65, 522]
[340, 248]
[548, 41]
[255, 334]
[68, 522]
[533, 60]
[535, 60]
[255, 340]
[49, 548]
[441, 155]
[310, 286]
[548, 48]
[237, 359]
[9, 589]
[475, 123]
[533, 65]
[359, 242]
[533, 68]
[535, 65]
[68, 535]
[441, 161]
[359, 248]
[9, 677]
[161, 522]
[441, 242]
[89, 589]
[441, 237]
[155, 522]
[340, 334]
[68, 604]
[548, 155]
[533, 170]
[359, 340]
[110, 589]
[535, 161]
[255, 441]
[589, 105]
[533, 161]
[170, 522]
[359, 334]
[89, 604]
[535, 155]
[101, 589]
[533, 155]
[441, 248]
[49, 604]
[548, 105]
[48, 604]
[65, 589]
[589, 60]
[548, 101]
[340, 310]
[123, 522]
[41, 604]
[359, 286]
[170, 475]
[535, 110]
[310, 334]
[37, 604]
[535, 105]
[36, 604]
[39, 604]
[533, 110]
[38, 604]
[65, 604]
[359, 310]
[548, 123]
[604, 60]
[185, 475]
[533, 123]
[68, 589]
[535, 123]
[548, 110]
[68, 677]
[155, 589]
[441, 310]
[161, 589]
[9, 740]
[677, 60]
[65, 677]
[475, 286]
[677, 89]
[242, 522]
[161, 604]
[155, 604]
[170, 589]
[237, 522]
[36, 677]
[123, 589]
[237, 475]
[38, 677]
[37, 677]
[110, 604]
[475, 242]
[39, 677]
[533, 185]
[677, 41]
[170, 548]
[170, 535]
[101, 604]
[185, 522]
[604, 105]
[32, 677]
[548, 161]
[255, 475]
[548, 185]
[535, 185]
[475, 248]
[48, 677]
[49, 677]
[123, 604]
[441, 286]
[535, 286]
[32, 789]
[533, 286]
[9, 809]
[89, 740]
[789, 39]
[242, 589]
[789, 41]
[789, 36]
[789, 38]
[789, 37]
[237, 589]
[65, 740]
[60, 740]
[677, 123]
[441, 359]
[255, 548]
[340, 475]
[286, 522]
[68, 740]
[475, 334]
[255, 535]
[548, 242]
[185, 604]
[49, 740]
[533, 255]
[48, 740]
[110, 677]
[237, 548]
[475, 310]
[789, 9]
[548, 248]
[185, 589]
[170, 604]
[533, 242]
[441, 334]
[32, 740]
[535, 237]
[248, 522]
[533, 237]
[677, 105]
[535, 248]
[533, 248]
[41, 740]
[441, 340]
[38, 740]
[101, 677]
[39, 740]
[36, 740]
[535, 242]
[255, 522]
[37, 740]
[359, 522]
[548, 334]
[824, 60]
[65, 824]
[548, 340]
[604, 286]
[789, 101]
[533, 359]
[68, 824]
[155, 740]
[535, 359]
[789, 105]
[41, 824]
[533, 334]
[535, 334]
[809, 60]
[48, 824]
[49, 824]
[533, 340]
[65, 809]
[589, 286]
[535, 340]
[68, 809]
[789, 89]
[110, 740]
[41, 809]
[789, 60]
[39, 809]
[789, 65]
[248, 604]
[255, 604]
[548, 310]
[49, 809]
[68, 789]
[48, 809]
[32, 824]
[334, 522]
[123, 740]
[39, 824]
[38, 824]
[185, 677]
[340, 522]
[37, 824]
[36, 824]
[548, 286]
[359, 475]
[155, 677]
[310, 522]
[9, 824]
[161, 677]
[49, 789]
[248, 589]
[789, 48]
[533, 310]
[101, 740]
[32, 809]
[237, 604]
[242, 604]
[37, 809]
[170, 677]
[38, 809]
[255, 589]
[105, 740]
[36, 809]
[535, 310]
[170, 789]
[359, 589]
[789, 161]
[789, 155]
[340, 604]
[123, 824]
[334, 604]
[255, 677]
[123, 809]
[110, 824]
[824, 105]
[340, 589]
[185, 740]
[101, 824]
[248, 677]
[334, 589]
[677, 242]
[110, 809]
[441, 475]
[237, 677]
[809, 105]
[310, 604]
[789, 123]
[89, 824]
[170, 740]
[101, 809]
[548, 359]
[161, 740]
[789, 110]
[310, 589]
[89, 809]
[340, 677]
[548, 475]
[533, 475]
[185, 824]
[535, 475]
[334, 677]
[255, 740]
[170, 824]
[185, 809]
[475, 522]
[310, 677]
[161, 824]
[248, 740]
[441, 548]
[155, 824]
[170, 809]
[441, 535]
[237, 740]
[242, 740]
[161, 809]
[533, 441]
[789, 185]
[359, 604]
[677, 286]
[441, 522]
[155, 809]
[359, 740]
[789, 310]
[809, 286]
[310, 809]
[441, 677]
[589, 522]
[286, 824]
[310, 824]
[789, 340]
[604, 522]
[535, 589]
[533, 589]
[789, 334]
[340, 809]
[789, 359]
[334, 809]
[535, 604]
[533, 604]
[548, 589]
[359, 677]
[789, 248]
[286, 740]
[237, 789]
[441, 589]
[789, 242]
[242, 809]
[310, 740]
[533, 522]
[441, 604]
[255, 789]
[237, 809]
[242, 824]
[475, 589]
[255, 809]
[548, 522]
[533, 535]
[535, 522]
[248, 809]
[237, 824]
[535, 548]
[533, 548]
[340, 740]
[789, 286]
[334, 740]
[248, 824]
[255, 824]
[475, 604]
[441, 789]
[548, 677]
[441, 809]
[522, 740]
[677, 589]
[789, 475]
[441, 824]
[535, 740]
[533, 740]
[548, 604]
[475, 677]
[334, 824]
[340, 824]
[359, 809]
[441, 740]
[359, 824]
[604, 589]
[677, 522]
[533, 677]
[475, 740]
[535, 677]
[548, 824]
[535, 824]
[533, 824]
[548, 809]
[824, 522]
[604, 740]
[535, 809]
[589, 809]
[789, 604]
[789, 589]
[789, 522]
[475, 824]
[548, 740]
[677, 604]
[475, 809]
[789, 548]
[533, 809]
[589, 740]
[809, 522]
[533, 789]
[535, 789]
[677, 824]
[677, 809]
[789, 740]
[604, 824]
[589, 824]
[604, 809]
[677, 740]
[789, 677]
[809, 824]
[789, 824]
[789, 809]
[809, 740]
[824, 740]
