Number of Infrequent itemsets: 932

[32, 9] : 0
[37, 9] : 0
[38, 9] : 2
[36, 9] : 0
[9, 41] : 1
[39, 9] : 4
[49, 9] : 0
[48, 9] : 3
[32, 36] : 1
[9, 60] : 0
[32, 37] : 0
[39, 37] : 4
[68, 9] : 0
[37, 41] : 4
[36, 37] : 1
[65, 9] : 1
[48, 37] : 5
[49, 36] : 0
[49, 38] : 3
[49, 37] : 0
[49, 32] : 0
[32, 60] : 1
[49, 41] : 0
[65, 37] : 0
[38, 65] : 1
[68, 32] : 0
[41, 60] : 3
[65, 36] : 0
[9, 89] : 0
[38, 60] : 2
[39, 60] : 4
[36, 60] : 0
[32, 65] : 0
[37, 60] : 0
[101, 9] : 0
[32, 38, 41] : 5
[38, 36, 37] : 1
[48, 60] : 3
[49, 60] : 0
[68, 41] : 0
[68, 38] : 1
[65, 41] : 1
[68, 39] : 2
[68, 36] : 0
[68, 37] : 0
[110, 9] : 0
[32, 48, 38] : 5
[68, 49] : 0
[38, 37, 41] : 4
[68, 48] : 3
[38, 39, 37] : 4
[9, 105] : 0
[49, 65] : 0
[37, 89] : 0
[48, 36, 41] : 5
[36, 89] : 2
[65, 60] : 0
[32, 89] : 1
[101, 36] : 0
[32, 105] : 1
[101, 38] : 1
[101, 37] : 0
[49, 89] : 0
[36, 105] : 1
[101, 39] : 5
[37, 105] : 0
[101, 41] : 2
[32, 110] : 2
[68, 60] : 0
[32, 101] : 0
[68, 65] : 1
[9, 123] : 0
[48, 65, 39] : 5
[48, 105] : 2
[48, 65, 41] : 1
[65, 89] : 1
[49, 105] : 0
[32, 123] : 0
[68, 89] : 0
[49, 110] : 0
[36, 123] : 1
[65, 39, 41] : 1
[36, 110] : 0
[41, 105] : 4
[37, 110] : 1
[89, 60] : 0
[49, 101] : 0
[48, 38, 65] : 1
[48, 123] : 5
[110, 60] : 0
[65, 105] : 0
[9, 161] : 0
[68, 101] : 0
[38, 41, 89] : 4
[48, 38, 89] : 5
[65, 110] : 0
[48, 36, 89] : 1
[68, 105] : 0
[49, 123] : 1
[48, 38, 36, 41] : 5
[38, 36, 89] : 2
[39, 123] : 3
[38, 123] : 2
[101, 60] : 1
[37, 123] : 0
[38, 39, 89] : 5
[101, 65] : 1
[60, 105] : 0
[48, 39, 36, 41] : 4
[39, 36, 89] : 2
[155, 9] : 1
[41, 123] : 2
[101, 48, 38] : 1
[32, 155] : 0
[38, 41, 105] : 3
[38, 37, 110] : 1
[39, 41, 105] : 4
[101, 48, 41] : 1
[101, 89] : 2
[68, 123] : 0
[155, 36] : 1
[101, 48, 39] : 4
[65, 123] : 0
[48, 41, 89] : 5
[68, 110] : 0
[38, 36, 105] : 1
[170, 9] : 2
[123, 60] : 0
[39, 36, 105] : 1
[49, 155] : 0
[170, 37] : 1
[170, 36] : 0
[101, 105] : 0
[48, 38, 39, 36, 41] : 4
[48, 65, 89] : 1
[170, 32] : 4
[161, 41] : 3
[48, 39, 110] : 5
[36, 161] : 0
[155, 41] : 2
[48, 110, 41] : 5
[110, 89] : 2
[38, 161] : 4
[37, 161] : 0
[65, 39, 89] : 1
[155, 38] : 4
[32, 161] : 0
[155, 37] : 0
[185, 9] : 0
[89, 105] : 0
[155, 65] : 1
[161, 60] : 0
[185, 36] : 0
[185, 37] : 0
[38, 39, 41, 105] : 3
[68, 155] : 0
[185, 38] : 0
[48, 39, 41, 89] : 5
[32, 185] : 2
[38, 39, 36, 105] : 1
[170, 49] : 0
[48, 39, 36, 89] : 1
[123, 89] : 0
[155, 60] : 1
[110, 105] : 1
[48, 161] : 3
[49, 161] : 0
[101, 110] : 0
[155, 48, 36] : 1
[39, 110, 89] : 2
[101, 48, 89] : 2
[68, 170] : 0
[48, 38, 110, 41] : 5
[38, 110, 89] : 2
[48, 38, 39, 110] : 5
[170, 65] : 1
[49, 185] : 0
[185, 48] : 0
[110, 123] : 0
[170, 60] : 0
[68, 161] : 0
[123, 105] : 0
[185, 41] : 2
[65, 161] : 0
[101, 123] : 0
[185, 39] : 3
[39, 110, 105] : 1
[38, 110, 105] : 1
[68, 185] : 0
[185, 65] : 1
[161, 89] : 1
[9, 242] : 0
[237, 9] : 0
[48, 110, 89] : 2
[155, 48, 41] : 2
[155, 89] : 1
[185, 60] : 0
[155, 48, 39] : 5
[155, 48, 38] : 3
[39, 161, 41] : 3
[170, 105] : 0
[237, 38] : 2
[185, 89] : 0
[32, 242] : 0
[237, 37] : 0
[237, 36] : 1
[37, 242] : 0
[155, 123] : 0
[237, 41] : 1
[36, 242] : 1
[41, 242] : 0
[39, 242] : 4
[170, 110] : 1
[32, 248] : 1
[38, 242] : 2
[255, 32] : 1
[49, 237] : 1
[185, 101] : 0
[38, 248] : 2
[248, 37] : 0
[161, 123] : 0
[248, 36] : 2
[170, 48, 41] : 4
[170, 89] : 0
[101, 155] : 0
[248, 9] : 0
[101, 161] : 0
[155, 105] : 0
[161, 105] : 0
[255, 9] : 0
[155, 110] : 0
[170, 101] : 1
[110, 161] : 1
[155, 48, 65] : 1
[237, 32] : 1
[68, 237] : 0
[255, 49] : 0
[65, 242] : 0
[248, 60] : 0
[185, 123] : 0
[39, 110, 161] : 1
[68, 242] : 0
[65, 248] : 0
[255, 60] : 0
[155, 161] : 1
[68, 248] : 0
[310, 9] : 0
[32, 286] : 0
[39, 161, 89] : 1
[248, 41] : 5
[185, 105] : 0
[48, 242] : 4
[255, 36] : 2
[49, 242] : 0
[38, 39, 110, 105] : 1
[155, 48, 89] : 1
[255, 37] : 0
[255, 38] : 3
[170, 123] : 0
[185, 110] : 0
[9, 286] : 0
[255, 41] : 5
[48, 248] : 4
[237, 60] : 0
[49, 248] : 0
[237, 65] : 0
[242, 60] : 0
[101, 242] : 1
[334, 9] : 0
[237, 105] : 0
[32, 310] : 1
[185, 155] : 0
[237, 101] : 1
[248, 89] : 0
[310, 41] : 1
[65, 286] : 0
[39, 310] : 2
[101, 248] : 0
[340, 9] : 0
[38, 310] : 1
[37, 310] : 0
[237, 110] : 1
[242, 105] : 0
[36, 310] : 1
[286, 60] : 0
[185, 161] : 0
[255, 89] : 1
[237, 89] : 0
[41, 286] : 0
[39, 286] : 4
[170, 155] : 1
[36, 286] : 0
[39, 36, 248] : 2
[68, 255] : 0
[37, 286] : 0
[255, 65] : 0
[48, 286] : 4
[49, 286] : 0
[170, 161] : 0
[242, 89] : 0
[39, 248, 41] : 4
[39, 334] : 4
[38, 334] : 2
[32, 340] : 2
[334, 41] : 0
[65, 310] : 0
[89, 286] : 0
[359, 9] : 0
[37, 334] : 1
[248, 123] : 0
[310, 60] : 0
[36, 334] : 0
[340, 41] : 5
[49, 334] : 1
[48, 334] : 4
[340, 37] : 1
[340, 36] : 1
[340, 39] : 2
[340, 38] : 2
[68, 310] : 0
[255, 123] : 2
[255, 101] : 2
[248, 110] : 0
[48, 310] : 2
[49, 310] : 0
[110, 242] : 0
[248, 105] : 0
[68, 286] : 0
[170, 185] : 0
[255, 110] : 0
[242, 123] : 0
[32, 334] : 0
[237, 123] : 1
[255, 105] : 0
[38, 39, 286] : 4
[255, 155] : 0
[101, 310] : 1
[68, 340] : 0
[49, 359] : 0
[123, 286] : 0
[248, 161] : 0
[310, 105] : 1
[170, 242] : 1
[68, 334] : 0
[155, 248] : 0
[161, 242] : 0
[340, 60] : 0
[359, 41] : 0
[170, 237] : 0
[48, 359] : 3
[340, 65] : 0
[359, 36] : 0
[334, 60] : 0
[237, 155] : 0
[310, 89] : 0
[65, 334] : 0
[359, 39] : 2
[237, 161] : 0
[359, 38] : 1
[155, 242] : 0
[359, 37] : 0
[110, 286] : 0
[101, 286] : 0
[32, 359] : 0
[286, 105] : 1
[49, 340] : 0
[48, 340] : 2
[255, 185] : 0
[101, 340] : 1
[155, 286] : 0
[110, 334] : 1
[340, 105] : 0
[161, 286] : 0
[310, 123] : 0
[185, 248] : 1
[101, 334] : 0
[334, 105] : 0
[255, 170] : 1
[359, 65] : 0
[68, 359] : 0
[185, 242] : 0
[38, 286, 105] : 1
[340, 89] : 1
[255, 161] : 0
[359, 60] : 0
[170, 248] : 0
[310, 110] : 0
[334, 89] : 1
[237, 185] : 0
[441, 37] : 0
[237, 242] : 1
[441, 38] : 4
[441, 36] : 2
[441, 32] : 2
[310, 161] : 1
[185, 286] : 0
[359, 110] : 0
[359, 105] : 0
[155, 310] : 0
[340, 123] : 0
[359, 101] : 0
[334, 123] : 0
[170, 286] : 0
[340, 110] : 0
[441, 9] : 0
[359, 89] : 0
[68, 441] : 0
[170, 340] : 0
[475, 36] : 0
[170, 334] : 0
[441, 65] : 0
[32, 475] : 2
[441, 60] : 0
[340, 161] : 0
[255, 248] : 0
[255, 242] : 2
[255, 237] : 0
[185, 310] : 0
[334, 161] : 0
[155, 340] : 0
[155, 334] : 0
[441, 49] : 0
[248, 242] : 0
[237, 248] : 0
[475, 9] : 0
[170, 310] : 0
[441, 41] : 3
[359, 123] : 0
[441, 110] : 0
[441, 105] : 0
[237, 310] : 1
[535, 9] : 0
[185, 359] : 0
[248, 310] : 0
[36, 522] : 0
[37, 522] : 0
[548, 9] : 0
[32, 522] : 0
[475, 39, 41] : 2
[310, 242] : 0
[535, 32] : 0
[255, 310] : 0
[533, 32] : 3
[48, 475, 41] : 2
[441, 123] : 1
[475, 89] : 0
[41, 522] : 0
[48, 38, 475] : 2
[39, 522] : 2
[38, 522] : 0
[533, 41] : 5
[535, 38] : 3
[533, 39] : 4
[535, 37] : 0
[49, 522] : 0
[237, 334] : 0
[533, 38] : 3
[535, 36] : 1
[48, 522] : 2
[533, 37] : 0
[533, 36] : 0
[475, 41] : 2
[185, 334] : 0
[475, 37] : 0
[38, 475] : 2
[359, 155] : 0
[49, 475] : 1
[185, 340] : 1
[359, 161] : 0
[237, 286] : 0
[475, 60] : 0
[248, 286] : 0
[170, 359] : 0
[441, 48, 39] : 5
[242, 286] : 0
[9, 522] : 0
[441, 89] : 0
[255, 286] : 0
[65, 475] : 0
[68, 475] : 0
[533, 9] : 0
[441, 101] : 2
[89, 522] : 0
[170, 441] : 0
[548, 60] : 0
[255, 359] : 0
[9, 604] : 0
[548, 65] : 0
[68, 548] : 0
[533, 89] : 1
[101, 522] : 2
[334, 286] : 0
[32, 589] : 1
[522, 105] : 0
[38, 589] : 4
[340, 286] : 0
[441, 185] : 0
[37, 589] : 0
[36, 589] : 1
[101, 48, 475] : 1
[535, 89] : 2
[41, 589] : 2
[155, 475] : 0
[39, 589] : 4
[533, 101] : 0
[110, 522] : 0
[533, 105] : 0
[49, 589] : 0
[48, 589] : 4
[548, 89] : 0
[475, 161] : 0
[32, 604] : 1
[535, 101] : 0
[535, 41] : 4
[101, 475] : 1
[334, 242] : 0
[237, 340] : 0
[32, 548] : 3
[475, 105] : 0
[533, 48] : 5
[533, 49] : 0
[522, 60] : 0
[340, 242] : 0
[248, 334] : 0
[535, 48] : 4
[49, 535] : 0
[548, 36] : 1
[548, 37] : 0
[475, 110] : 0
[548, 38] : 3
[548, 39] : 4
[65, 522] : 1
[340, 248] : 1
[548, 41] : 3
[255, 334] : 0
[68, 522] : 0
[533, 60] : 0
[535, 60] : 1
[255, 340] : 1
[49, 548] : 0
[441, 155] : 0
[310, 286] : 0
[548, 48] : 4
[237, 359] : 0
[9, 589] : 1
[475, 123] : 2
[533, 65] : 0
[359, 242] : 0
[533, 68] : 0
[535, 65] : 1
[48, 475, 39, 41] : 2
[68, 535] : 0
[441, 161] : 0
[359, 248] : 0
[9, 677] : 0
[161, 522] : 0
[441, 242] : 0
[89, 589] : 0
[441, 237] : 1
[155, 522] : 0
[340, 334] : 0
[68, 604] : 1
[548, 155] : 0
[533, 170] : 0
[359, 340] : 0
[110, 589] : 1
[535, 161] : 0
[255, 441] : 1
[589, 105] : 0
[533, 161] : 0
[170, 522] : 0
[359, 334] : 0
[89, 604] : 1
[535, 155] : 2
[101, 589] : 0
[533, 155] : 0
[441, 248] : 0
[49, 604] : 0
[548, 105] : 0
[48, 604] : 4
[65, 589] : 1
[589, 60] : 1
[548, 101] : 0
[340, 310] : 0
[123, 522] : 0
[41, 604] : 2
[359, 286] : 1
[170, 475] : 2
[535, 110] : 0
[310, 334] : 0
[37, 604] : 0
[535, 105] : 1
[36, 604] : 0
[39, 604] : 4
[533, 110] : 1
[38, 604] : 4
[65, 604] : 0
[359, 310] : 0
[548, 123] : 0
[604, 60] : 0
[185, 475] : 0
[533, 123] : 0
[68, 589] : 0
[535, 123] : 0
[548, 110] : 1
[68, 677] : 0
[155, 589] : 3
[441, 310] : 1
[161, 589] : 0
[9, 740] : 0
[677, 60] : 0
[65, 677] : 0
[475, 286] : 0
[48, 677, 41] : 2
[677, 89] : 0
[48, 39, 677] : 5
[242, 522] : 0
[161, 604] : 2
[155, 604] : 1
[170, 589] : 2
[237, 522] : 0
[39, 677, 41] : 3
[36, 677] : 0
[123, 589] : 0
[237, 475] : 1
[38, 677] : 0
[37, 677] : 0
[110, 604] : 1
[475, 242] : 0
[533, 185] : 1
[677, 41] : 4
[170, 548] : 1
[170, 535] : 0
[101, 604] : 1
[185, 522] : 0
[604, 105] : 0
[32, 677] : 1
[548, 161] : 0
[255, 475] : 0
[548, 185] : 0
[535, 185] : 1
[475, 248] : 0
[49, 677] : 1
[123, 604] : 0
[441, 286] : 0
[535, 286] : 0
[32, 789] : 1
[39, 41, 740] : 3
[38, 41, 740] : 3
[533, 286] : 0
[9, 809] : 1
[89, 740] : 0
[789, 39] : 3
[242, 589] : 0
[789, 41] : 2
[789, 36] : 0
[789, 38] : 1
[789, 37] : 0
[237, 589] : 1
[65, 740] : 0
[60, 740] : 0
[677, 123] : 1
[441, 359] : 0
[255, 548] : 0
[38, 36, 740] : 4
[39, 36, 740] : 3
[340, 475] : 0
[286, 522] : 0
[68, 740] : 0
[475, 334] : 0
[255, 535] : 1
[548, 242] : 0
[185, 604] : 0
[49, 740] : 1
[533, 255] : 0
[48, 740] : 4
[110, 677] : 0
[237, 548] : 0
[475, 310] : 0
[789, 9] : 1
[548, 248] : 1
[185, 589] : 0
[170, 604] : 2
[533, 242] : 0
[441, 334] : 0
[32, 740] : 2
[535, 237] : 0
[248, 522] : 0
[533, 237] : 0
[677, 105] : 0
[535, 248] : 0
[533, 248] : 1
[41, 740] : 3
[441, 340] : 0
[101, 677] : 0
[36, 740] : 4
[535, 242] : 0
[255, 522] : 0
[37, 740] : 0
[359, 522] : 0
[548, 334] : 0
[824, 60] : 0
[65, 824] : 1
[548, 340] : 1
[604, 286] : 0
[789, 101] : 0
[48, 36, 809] : 1
[533, 359] : 0
[68, 824] : 0
[48, 38, 809] : 1
[155, 740] : 0
[535, 359] : 0
[789, 105] : 0
[41, 824] : 1
[533, 334] : 0
[535, 334] : 0
[809, 60] : 0
[48, 824] : 4
[49, 824] : 0
[533, 340] : 1
[65, 809] : 0
[589, 286] : 0
[535, 340] : 1
[68, 809] : 0
[789, 89] : 0
[110, 740] : 0
[41, 809] : 2
[789, 60] : 0
[39, 809] : 5
[789, 65] : 0
[38, 39, 36, 740] : 3
[248, 604] : 0
[255, 604] : 2
[38, 39, 41, 740] : 3
[548, 310] : 0
[49, 809] : 0
[68, 789] : 1
[32, 824] : 1
[334, 522] : 0
[123, 740] : 0
[39, 824] : 5
[38, 824] : 2
[185, 677] : 0
[340, 522] : 0
[37, 824] : 0
[36, 824] : 0
[548, 286] : 0
[359, 475] : 0
[155, 677] : 0
[310, 522] : 2
[9, 824] : 1
[161, 677] : 0
[49, 789] : 0
[248, 589] : 0
[789, 48] : 5
[533, 310] : 0
[101, 740] : 0
[32, 809] : 0
[237, 604] : 1
[242, 604] : 1
[37, 809] : 0
[170, 677] : 0
[38, 809] : 1
[255, 589] : 0
[105, 740] : 0
[36, 809] : 1
[535, 310] : 0
[101, 48, 809] : 1
[170, 789] : 0
[359, 589] : 1
[789, 161] : 0
[789, 155] : 0
[340, 604] : 0
[123, 824] : 0
[334, 604] : 0
[255, 677] : 0
[123, 809] : 0
[110, 824] : 0
[824, 105] : 1
[340, 589] : 0
[185, 740] : 0
[101, 824] : 3
[248, 677] : 0
[334, 589] : 0
[677, 242] : 0
[110, 809] : 0
[441, 475] : 1
[237, 677] : 0
[809, 105] : 0
[310, 604] : 1
[789, 123] : 1
[89, 824] : 0
[170, 740] : 1
[101, 809] : 1
[548, 359] : 0
[161, 740] : 0
[789, 110] : 0
[310, 589] : 0
[48, 41, 809] : 2
[89, 809] : 0
[48, 39, 809] : 5
[340, 677] : 1
[548, 475] : 1
[533, 475] : 0
[185, 824] : 0
[535, 475] : 0
[334, 677] : 0
[255, 740] : 0
[170, 824] : 1
[185, 809] : 0
[475, 522] : 0
[310, 677] : 0
[161, 824] : 0
[248, 740] : 1
[441, 548] : 0
[155, 824] : 1
[170, 809] : 0
[441, 535] : 0
[237, 740] : 0
[242, 740] : 0
[161, 809] : 0
[533, 441] : 0
[789, 185] : 0
[359, 604] : 0
[677, 286] : 0
[441, 522] : 0
[155, 809] : 0
[359, 740] : 0
[789, 310] : 0
[809, 286] : 0
[310, 809] : 0
[441, 677] : 0
[589, 522] : 0
[286, 824] : 0
[310, 824] : 0
[789, 340] : 0
[604, 522] : 0
[535, 589] : 1
[533, 589] : 0
[789, 334] : 0
[340, 809] : 0
[789, 359] : 0
[334, 809] : 0
[535, 604] : 0
[533, 604] : 0
[548, 589] : 0
[359, 677] : 0
[789, 248] : 0
[237, 789] : 0
[286, 740] : 0
[39, 248, 740] : 1
[441, 589] : 0
[789, 242] : 0
[242, 809] : 0
[310, 740] : 0
[533, 522] : 0
[441, 604] : 0
[255, 789] : 2
[237, 809] : 0
[242, 824] : 0
[255, 809] : 1
[475, 589] : 0
[548, 522] : 0
[533, 535] : 1
[248, 809] : 0
[535, 522] : 1
[237, 824] : 0
[535, 548] : 0
[533, 548] : 0
[340, 740] : 0
[789, 286] : 0
[334, 740] : 2
[248, 824] : 0
[475, 604] : 0
[255, 824] : 0
[441, 789] : 1
[548, 677] : 1
[441, 809] : 2
[522, 740] : 0
[677, 589] : 0
[789, 475] : 1
[441, 824] : 0
[535, 740] : 0
[533, 740] : 0
[475, 677] : 1
[548, 604] : 0
[334, 824] : 0
[340, 824] : 0
[359, 809] : 0
[441, 740] : 1
[359, 824] : 0
[475, 39, 677] : 1
[604, 589] : 1
[677, 522] : 0
[48, 475, 677] : 1
[533, 677] : 0
[475, 740] : 0
[535, 677] : 0
[548, 824] : 0
[535, 824] : 0
[548, 809] : 0
[533, 824] : 0
[824, 522] : 2
[535, 809] : 0
[604, 740] : 0
[589, 809] : 0
[789, 604] : 0
[789, 589] : 0
[789, 522] : 0
[475, 824] : 0
[548, 740] : 0
[677, 604] : 0
[475, 809] : 0
[789, 548] : 0
[533, 809] : 0
[589, 740] : 0
[809, 522] : 0
[533, 789] : 0
[535, 789] : 0
[677, 824] : 0
[677, 809] : 0
[789, 740] : 0
[604, 824] : 0
[604, 809] : 0
[589, 824] : 1
[677, 740] : 0
[789, 677] : 0
[809, 824] : 0
[789, 824] : 0
[789, 809] : 0
[809, 740] : 1
[824, 740] : 0
