Number of itemsets: 30
Computation time: 5910455 Nano seconds

[255, 48, 39] : 6
[49, 48, 39] : 7
[38, 39, 740] : 6
[48, 38, 110] : 6
[48, 39, 41] : 47
[237, 48, 39] : 6
[170, 48, 38] : 13
[170, 48, 39] : 8
[48, 39, 475] : 7
[39, 41, 89] : 6
[32, 38, 39] : 9
[32, 48, 39] : 13
[38, 39, 110] : 10
[38, 39, 41] : 30
[39, 36, 41] : 6
[170, 39, 41] : 6
[39, 110, 41] : 8
[38, 36, 41] : 9
[38, 39, 36] : 14
[170, 38, 41] : 8
[38, 110, 41] : 10
[32, 39, 41] : 10
[48, 38, 41] : 21
[170, 38, 39] : 15
[48, 39, 89] : 9
[48, 38, 39] : 36
[38, 39, 105] : 6
[48, 39, 36] : 6
[48, 38, 36] : 11
[32, 48, 41] : 8
