Number of itemsets: 6328
Computation time: 367351892 Nano seconds

[9, 10]
[10, 11]
[9, 11]
[23, 11]
[23, 9]
[23, 10]
[32, 10]
[32, 11]
[32, 9]
[36, 10]
[37, 9]
[36, 11]
[37, 10]
[38, 9]
[36, 9]
[10, 41]
[39, 11]
[9, 41]
[38, 11]
[39, 10]
[37, 11]
[38, 10]
[39, 9]
[10, 45]
[32, 23]
[9, 45]
[41, 11]
[48, 11]
[49, 10]
[36, 23]
[11, 47]
[48, 10]
[49, 9]
[10, 47]
[48, 9]
[11, 45]
[9, 47]
[39, 23]
[38, 23]
[49, 11]
[23, 37]
[32, 36]
[23, 45]
[32, 37]
[9, 60]
[32, 38]
[10, 60]
[23, 47]
[32, 39]
[11, 60]
[48, 23]
[23, 41]
[9, 56]
[10, 56]
[56, 11]
[39, 37]
[65, 11]
[67, 9]
[36, 41]
[38, 39]
[32, 45]
[67, 10]
[68, 9]
[37, 41]
[67, 11]
[68, 10]
[38, 41]
[32, 47]
[68, 11]
[23, 56]
[49, 23]
[36, 37]
[32, 41]
[38, 36]
[65, 9]
[39, 36]
[38, 37]
[65, 10]
[48, 37]
[49, 36]
[38, 47]
[76, 9]
[37, 47]
[48, 36]
[39, 45]
[48, 39]
[49, 38]
[76, 11]
[41, 45]
[49, 37]
[39, 47]
[48, 38]
[76, 10]
[36, 45]
[49, 32]
[39, 41]
[32, 48]
[36, 47]
[38, 45]
[23, 60]
[37, 45]
[48, 45]
[37, 56]
[47, 45]
[36, 56]
[32, 60]
[48, 47]
[39, 56]
[49, 45]
[38, 56]
[48, 41]
[41, 47]
[49, 39]
[32, 56]
[65, 23]
[68, 23]
[49, 41]
[23, 67]
[65, 37]
[56, 47]
[36, 67]
[38, 65]
[68, 32]
[11, 89]
[56, 45]
[41, 60]
[65, 36]
[38, 60]
[9, 89]
[39, 60]
[32, 67]
[10, 89]
[23, 76]
[49, 47]
[36, 60]
[49, 48]
[56, 41]
[37, 60]
[32, 65]
[65, 45]
[101, 9]
[101, 10]
[67, 41]
[32, 76]
[48, 60]
[49, 60]
[68, 41]
[65, 41]
[39, 67]
[68, 38]
[95, 11]
[96, 10]
[47, 60]
[68, 39]
[96, 11]
[67, 37]
[68, 36]
[65, 39]
[9, 95]
[48, 56]
[49, 56]
[60, 45]
[68, 37]
[38, 67]
[95, 10]
[96, 9]
[110, 9]
[96, 23]
[11, 107]
[23, 95]
[68, 49]
[76, 41]
[10, 107]
[49, 67]
[11, 105]
[9, 107]
[68, 48]
[56, 60]
[68, 47]
[39, 76]
[10, 105]
[48, 67]
[49, 65]
[67, 47]
[38, 76]
[9, 105]
[68, 45]
[37, 76]
[48, 65]
[67, 45]
[65, 47]
[36, 76]
[101, 11]
[23, 89]
[38, 89]
[32, 95]
[117, 10]
[67, 60]
[37, 89]
[117, 9]
[49, 76]
[36, 89]
[65, 60]
[101, 23]
[48, 76]
[68, 56]
[76, 47]
[67, 56]
[76, 45]
[32, 89]
[110, 11]
[65, 56]
[110, 10]
[96, 41]
[101, 36]
[32, 105]
[48, 89]
[89, 47]
[95, 41]
[76, 60]
[101, 38]
[32, 107]
[49, 89]
[101, 37]
[96, 45]
[36, 105]
[65, 76]
[95, 45]
[101, 39]
[117, 23]
[96, 47]
[36, 107]
[38, 105]
[48, 95]
[67, 76]
[95, 47]
[101, 41]
[37, 105]
[32, 110]
[39, 89]
[32, 96]
[117, 11]
[23, 105]
[68, 60]
[36, 95]
[41, 89]
[23, 107]
[96, 37]
[38, 95]
[32, 101]
[10, 123]
[23, 110]
[68, 65]
[37, 95]
[96, 36]
[9, 123]
[76, 56]
[65, 67]
[39, 96]
[68, 67]
[89, 45]
[39, 95]
[38, 96]
[11, 123]
[107, 45]
[47, 105]
[96, 56]
[117, 36]
[48, 105]
[49, 105]
[107, 47]
[117, 37]
[65, 89]
[110, 45]
[117, 38]
[32, 123]
[48, 107]
[95, 60]
[49, 107]
[117, 39]
[96, 60]
[67, 89]
[110, 47]
[101, 56]
[68, 89]
[117, 41]
[48, 110]
[49, 110]
[36, 123]
[9, 150]
[49, 95]
[37, 107]
[39, 105]
[48, 96]
[68, 76]
[49, 96]
[38, 107]
[56, 89]
[101, 45]
[41, 105]
[36, 110]
[39, 107]
[23, 123]
[37, 110]
[101, 47]
[41, 107]
[38, 110]
[39, 110]
[117, 32]
[101, 48]
[89, 60]
[49, 101]
[105, 45]
[110, 41]
[95, 56]
[161, 10]
[48, 123]
[76, 95]
[123, 47]
[9, 161]
[110, 60]
[65, 105]
[68, 101]
[123, 45]
[101, 67]
[152, 23]
[68, 107]
[65, 110]
[67, 107]
[23, 150]
[117, 56]
[68, 105]
[49, 123]
[161, 11]
[65, 107]
[67, 105]
[96, 76]
[152, 11]
[56, 107]
[68, 95]
[96, 67]
[117, 45]
[39, 123]
[152, 10]
[67, 95]
[38, 123]
[11, 150]
[152, 9]
[56, 105]
[101, 60]
[65, 96]
[37, 123]
[10, 150]
[65, 95]
[107, 60]
[117, 49]
[155, 11]
[110, 56]
[101, 65]
[155, 10]
[117, 48]
[105, 60]
[76, 89]
[117, 47]
[41, 123]
[155, 9]
[68, 96]
[36, 150]
[110, 76]
[37, 150]
[32, 155]
[178, 9]
[152, 32]
[23, 161]
[117, 67]
[95, 89]
[68, 117]
[96, 89]
[152, 38]
[179, 11]
[67, 123]
[101, 89]
[41, 150]
[155, 36]
[152, 39]
[68, 123]
[96, 95]
[152, 36]
[38, 150]
[178, 10]
[179, 9]
[65, 123]
[152, 37]
[39, 150]
[178, 11]
[179, 10]
[155, 23]
[68, 110]
[170, 9]
[56, 123]
[117, 60]
[67, 110]
[101, 76]
[32, 150]
[117, 65]
[123, 60]
[76, 107]
[170, 10]
[170, 11]
[76, 105]
[10, 195]
[110, 95]
[49, 155]
[9, 195]
[170, 37]
[161, 45]
[170, 36]
[11, 195]
[56, 150]
[117, 89]
[101, 105]
[96, 110]
[152, 49]
[23, 178]
[96, 105]
[155, 45]
[39, 161]
[152, 48]
[95, 105]
[155, 48]
[96, 107]
[155, 47]
[161, 41]
[170, 32]
[23, 179]
[95, 107]
[152, 45]
[47, 150]
[36, 161]
[186, 11]
[101, 96]
[155, 41]
[185, 11]
[186, 10]
[101, 95]
[89, 107]
[49, 150]
[152, 47]
[38, 161]
[76, 123]
[110, 89]
[37, 161]
[48, 150]
[152, 41]
[155, 38]
[32, 161]
[170, 23]
[117, 76]
[155, 37]
[150, 45]
[185, 10]
[186, 9]
[155, 39]
[185, 9]
[89, 105]
[179, 41]
[11, 209]
[152, 68]
[155, 65]
[185, 36]
[161, 60]
[185, 37]
[186, 36]
[155, 67]
[117, 105]
[178, 45]
[186, 37]
[185, 38]
[200, 23]
[68, 155]
[37, 179]
[38, 178]
[170, 47]
[39, 178]
[38, 179]
[32, 185]
[9, 208]
[161, 56]
[152, 65]
[67, 150]
[110, 107]
[39, 179]
[186, 32]
[10, 208]
[9, 209]
[23, 195]
[170, 48]
[68, 150]
[95, 123]
[117, 101]
[170, 49]
[178, 41]
[11, 208]
[10, 209]
[152, 67]
[96, 123]
[201, 11]
[152, 60]
[117, 95]
[123, 89]
[107, 105]
[117, 96]
[36, 178]
[170, 45]
[37, 178]
[36, 179]
[155, 60]
[65, 150]
[110, 105]
[161, 47]
[170, 38]
[185, 23]
[152, 56]
[101, 107]
[170, 39]
[200, 9]
[186, 23]
[48, 161]
[49, 161]
[32, 178]
[200, 10]
[201, 9]
[150, 60]
[170, 41]
[32, 179]
[200, 11]
[201, 10]
[155, 56]
[101, 110]
[200, 39]
[201, 38]
[179, 60]
[89, 150]
[201, 37]
[38, 200]
[178, 60]
[68, 170]
[200, 37]
[201, 36]
[170, 67]
[76, 161]
[41, 195]
[200, 36]
[11, 225]
[186, 49]
[10, 225]
[179, 56]
[170, 65]
[49, 185]
[39, 195]
[9, 225]
[186, 48]
[178, 56]
[186, 47]
[38, 195]
[32, 201]
[185, 48]
[110, 123]
[185, 47]
[37, 195]
[32, 200]
[23, 209]
[186, 45]
[36, 195]
[23, 208]
[155, 76]
[185, 45]
[170, 60]
[123, 107]
[68, 161]
[49, 179]
[67, 161]
[152, 76]
[123, 105]
[49, 178]
[186, 41]
[32, 195]
[48, 179]
[117, 110]
[179, 47]
[185, 41]
[48, 178]
[170, 56]
[65, 161]
[76, 150]
[178, 47]
[186, 39]
[179, 45]
[185, 39]
[186, 38]
[201, 23]
[101, 123]
[117, 107]
[209, 45]
[186, 68]
[178, 76]
[208, 47]
[23, 232]
[195, 60]
[76, 179]
[150, 105]
[10, 242]
[185, 67]
[208, 45]
[11, 242]
[68, 185]
[186, 67]
[152, 101]
[49, 201]
[41, 209]
[185, 65]
[155, 95]
[161, 89]
[9, 242]
[56, 195]
[186, 65]
[101, 150]
[155, 96]
[201, 47]
[39, 209]
[237, 11]
[23, 225]
[48, 200]
[152, 96]
[49, 200]
[41, 208]
[48, 201]
[201, 45]
[37, 209]
[38, 208]
[237, 9]
[186, 60]
[68, 178]
[67, 179]
[170, 76]
[96, 150]
[200, 47]
[39, 208]
[38, 209]
[237, 10]
[68, 179]
[152, 95]
[49, 195]
[36, 208]
[65, 179]
[155, 89]
[200, 45]
[37, 208]
[36, 209]
[185, 60]
[67, 178]
[95, 150]
[47, 195]
[201, 41]
[232, 10]
[186, 56]
[232, 11]
[48, 195]
[65, 178]
[195, 45]
[201, 39]
[32, 208]
[117, 123]
[200, 41]
[32, 209]
[232, 9]
[185, 56]
[152, 89]
[237, 38]
[264, 11]
[67, 208]
[186, 89]
[96, 179]
[170, 105]
[152, 123]
[237, 37]
[32, 242]
[264, 10]
[49, 225]
[65, 209]
[179, 95]
[185, 89]
[96, 178]
[232, 41]
[237, 36]
[9, 264]
[48, 225]
[65, 208]
[178, 95]
[123, 150]
[47, 225]
[23, 249]
[117, 155]
[232, 47]
[37, 242]
[9, 270]
[101, 178]
[237, 41]
[36, 242]
[255, 23]
[117, 161]
[155, 123]
[232, 45]
[68, 209]
[201, 76]
[170, 107]
[237, 39]
[68, 208]
[67, 209]
[200, 76]
[41, 242]
[260, 23]
[178, 105]
[237, 45]
[11, 271]
[259, 23]
[186, 96]
[39, 242]
[32, 249]
[11, 270]
[10, 271]
[258, 23]
[49, 232]
[56, 225]
[186, 95]
[185, 96]
[38, 242]
[32, 248]
[10, 270]
[9, 271]
[48, 232]
[185, 95]
[101, 179]
[170, 110]
[242, 45]
[39, 248]
[38, 249]
[255, 32]
[23, 264]
[186, 101]
[170, 117]
[249, 37]
[38, 248]
[237, 49]
[185, 101]
[179, 107]
[248, 37]
[36, 249]
[237, 48]
[225, 60]
[76, 209]
[178, 107]
[237, 47]
[248, 36]
[76, 208]
[89, 195]
[179, 105]
[161, 123]
[248, 10]
[249, 9]
[49, 209]
[248, 11]
[249, 10]
[170, 89]
[152, 107]
[209, 47]
[48, 208]
[200, 56]
[161, 95]
[155, 101]
[49, 208]
[32, 225]
[248, 9]
[48, 209]
[201, 56]
[96, 161]
[107, 150]
[152, 105]
[37, 225]
[67, 195]
[186, 76]
[101, 161]
[152, 110]
[155, 107]
[38, 225]
[68, 195]
[249, 11]
[237, 23]
[200, 60]
[65, 195]
[110, 150]
[155, 105]
[36, 225]
[201, 60]
[185, 76]
[41, 225]
[255, 11]
[201, 65]
[170, 96]
[161, 105]
[258, 9]
[200, 67]
[178, 89]
[117, 150]
[39, 225]
[32, 232]
[255, 9]
[56, 208]
[255, 10]
[23, 242]
[56, 209]
[200, 65]
[170, 95]
[155, 110]
[225, 45]
[38, 232]
[259, 11]
[260, 10]
[39, 232]
[260, 11]
[248, 23]
[76, 195]
[170, 101]
[110, 161]
[36, 232]
[258, 10]
[259, 9]
[208, 60]
[68, 200]
[201, 67]
[179, 89]
[161, 107]
[232, 37]
[237, 32]
[258, 11]
[259, 10]
[260, 9]
[209, 60]
[68, 201]
[152, 117]
[23, 282]
[258, 47]
[260, 45]
[264, 41]
[249, 56]
[68, 237]
[96, 209]
[110, 195]
[200, 105]
[155, 150]
[259, 45]
[255, 49]
[248, 56]
[237, 67]
[95, 209]
[96, 208]
[36, 271]
[258, 49]
[259, 48]
[260, 47]
[37, 270]
[65, 242]
[200, 107]
[152, 155]
[258, 48]
[259, 47]
[36, 270]
[201, 105]
[38, 271]
[23, 286]
[49, 260]
[264, 45]
[39, 270]
[249, 60]
[67, 242]
[101, 208]
[186, 123]
[37, 271]
[259, 49]
[48, 260]
[38, 270]
[248, 60]
[232, 76]
[201, 107]
[185, 123]
[10, 301]
[264, 47]
[41, 270]
[255, 56]
[201, 110]
[161, 150]
[39, 271]
[9, 301]
[68, 242]
[101, 209]
[200, 110]
[49, 264]
[65, 248]
[237, 76]
[208, 105]
[152, 161]
[41, 271]
[11, 301]
[48, 264]
[117, 195]
[259, 56]
[270, 45]
[255, 60]
[248, 67]
[208, 107]
[32, 282]
[258, 56]
[65, 249]
[89, 225]
[209, 105]
[270, 47]
[68, 249]
[117, 200]
[271, 45]
[260, 56]
[68, 248]
[249, 67]
[209, 107]
[155, 161]
[48, 271]
[37, 282]
[310, 9]
[259, 60]
[49, 270]
[110, 209]
[47, 271]
[36, 282]
[32, 286]
[258, 60]
[48, 270]
[76, 242]
[110, 208]
[117, 201]
[123, 195]
[39, 249]
[232, 56]
[178, 110]
[242, 47]
[248, 41]
[200, 89]
[110, 179]
[249, 41]
[258, 32]
[48, 242]
[65, 225]
[95, 195]
[201, 89]
[185, 105]
[255, 36]
[282, 9]
[259, 32]
[49, 242]
[96, 195]
[186, 105]
[255, 37]
[282, 10]
[32, 260]
[232, 60]
[67, 225]
[185, 107]
[248, 45]
[255, 38]
[282, 11]
[23, 270]
[237, 56]
[68, 225]
[186, 107]
[170, 123]
[249, 45]
[255, 39]
[258, 36]
[23, 271]
[248, 47]
[9, 286]
[258, 37]
[259, 36]
[200, 95]
[185, 110]
[117, 178]
[249, 47]
[255, 41]
[10, 286]
[258, 38]
[259, 37]
[36, 260]
[32, 264]
[48, 248]
[201, 95]
[101, 195]
[200, 96]
[186, 110]
[117, 179]
[11, 286]
[258, 39]
[259, 38]
[260, 37]
[49, 248]
[48, 249]
[237, 60]
[65, 232]
[208, 89]
[201, 96]
[259, 39]
[38, 260]
[49, 249]
[56, 242]
[89, 209]
[258, 41]
[39, 260]
[232, 67]
[255, 45]
[259, 41]
[36, 264]
[68, 232]
[195, 105]
[260, 41]
[37, 264]
[76, 225]
[101, 200]
[178, 123]
[255, 47]
[38, 264]
[32, 270]
[242, 60]
[237, 65]
[101, 201]
[107, 195]
[117, 185]
[179, 123]
[152, 150]
[32, 271]
[258, 45]
[39, 264]
[255, 48]
[95, 208]
[186, 117]
[334, 9]
[248, 95]
[101, 242]
[41, 301]
[32, 310]
[282, 60]
[56, 286]
[232, 110]
[237, 105]
[117, 225]
[186, 155]
[39, 301]
[76, 264]
[185, 155]
[179, 161]
[38, 301]
[68, 271]
[232, 107]
[178, 161]
[37, 301]
[67, 271]
[282, 56]
[68, 270]
[249, 89]
[237, 101]
[96, 242]
[186, 152]
[36, 301]
[67, 270]
[95, 242]
[248, 89]
[232, 105]
[152, 185]
[65, 271]
[260, 76]
[186, 150]
[310, 41]
[340, 11]
[65, 286]
[255, 96]
[201, 150]
[49, 301]
[340, 10]
[68, 282]
[255, 95]
[101, 249]
[155, 195]
[200, 150]
[39, 310]
[338, 11]
[67, 282]
[340, 9]
[260, 89]
[48, 301]
[101, 248]
[242, 107]
[117, 232]
[170, 179]
[301, 47]
[38, 310]
[338, 10]
[259, 89]
[123, 225]
[170, 178]
[310, 37]
[76, 271]
[65, 282]
[338, 9]
[258, 89]
[237, 110]
[242, 105]
[152, 195]
[186, 161]
[301, 45]
[36, 310]
[286, 60]
[76, 270]
[185, 161]
[334, 11]
[96, 249]
[195, 150]
[334, 10]
[249, 95]
[255, 89]
[248, 96]
[237, 107]
[68, 258]
[259, 67]
[56, 270]
[237, 89]
[101, 225]
[117, 209]
[56, 271]
[282, 45]
[41, 286]
[68, 259]
[260, 67]
[232, 95]
[38, 286]
[259, 65]
[23, 301]
[264, 60]
[248, 76]
[201, 123]
[39, 286]
[258, 67]
[65, 260]
[249, 76]
[117, 208]
[170, 155]
[36, 286]
[255, 67]
[152, 170]
[282, 41]
[37, 286]
[258, 65]
[68, 255]
[200, 123]
[49, 271]
[310, 10]
[38, 282]
[260, 60]
[264, 56]
[255, 65]
[95, 225]
[170, 150]
[310, 11]
[39, 282]
[232, 89]
[96, 225]
[48, 286]
[258, 76]
[155, 179]
[49, 286]
[259, 76]
[65, 270]
[110, 225]
[185, 150]
[68, 264]
[237, 95]
[107, 225]
[123, 209]
[32, 301]
[47, 286]
[23, 310]
[101, 232]
[237, 96]
[155, 178]
[48, 282]
[270, 60]
[225, 105]
[152, 178]
[271, 60]
[49, 282]
[286, 45]
[67, 264]
[255, 76]
[242, 89]
[208, 123]
[152, 179]
[170, 161]
[68, 260]
[96, 232]
[178, 150]
[282, 47]
[65, 264]
[179, 150]
[39, 334]
[178, 195]
[38, 334]
[32, 340]
[101, 271]
[255, 117]
[249, 123]
[334, 41]
[65, 310]
[338, 37]
[365, 10]
[89, 286]
[258, 117]
[270, 105]
[225, 150]
[338, 36]
[365, 9]
[110, 264]
[179, 195]
[359, 10]
[259, 110]
[264, 105]
[68, 301]
[161, 208]
[357, 11]
[359, 9]
[258, 110]
[67, 301]
[37, 334]
[282, 89]
[264, 107]
[101, 270]
[248, 123]
[170, 201]
[186, 185]
[310, 60]
[36, 334]
[32, 338]
[359, 11]
[260, 110]
[170, 200]
[161, 209]
[334, 47]
[340, 41]
[110, 271]
[371, 10]
[95, 286]
[258, 123]
[117, 264]
[186, 195]
[371, 9]
[357, 23]
[110, 270]
[155, 225]
[185, 195]
[201, 179]
[49, 334]
[338, 45]
[101, 282]
[260, 123]
[371, 11]
[96, 286]
[259, 123]
[359, 23]
[48, 334]
[232, 150]
[67, 310]
[340, 37]
[338, 39]
[282, 95]
[117, 260]
[270, 107]
[76, 301]
[152, 225]
[340, 36]
[38, 338]
[271, 105]
[365, 11]
[259, 117]
[334, 45]
[338, 41]
[340, 39]
[170, 209]
[201, 178]
[200, 179]
[68, 310]
[340, 38]
[107, 271]
[96, 282]
[255, 123]
[170, 208]
[200, 178]
[96, 260]
[255, 101]
[249, 107]
[155, 201]
[186, 170]
[161, 195]
[310, 47]
[23, 334]
[56, 301]
[178, 179]
[48, 310]
[76, 282]
[248, 110]
[208, 150]
[49, 310]
[258, 101]
[95, 264]
[89, 270]
[249, 110]
[117, 242]
[209, 150]
[110, 242]
[152, 200]
[67, 286]
[258, 95]
[264, 89]
[248, 105]
[152, 201]
[68, 286]
[258, 96]
[259, 95]
[249, 105]
[237, 117]
[310, 45]
[259, 96]
[260, 95]
[248, 107]
[232, 123]
[155, 200]
[170, 185]
[259, 105]
[155, 209]
[186, 178]
[185, 179]
[258, 107]
[260, 105]
[101, 264]
[95, 270]
[255, 110]
[117, 248]
[242, 123]
[170, 195]
[186, 179]
[310, 56]
[32, 334]
[95, 271]
[357, 9]
[259, 107]
[96, 270]
[65, 301]
[117, 249]
[96, 271]
[357, 10]
[260, 107]
[89, 271]
[259, 101]
[96, 264]
[255, 105]
[237, 123]
[152, 208]
[338, 23]
[101, 260]
[301, 60]
[152, 209]
[200, 161]
[76, 286]
[255, 107]
[201, 161]
[258, 105]
[340, 23]
[155, 208]
[185, 178]
[365, 45]
[39, 371]
[152, 258]
[260, 150]
[334, 76]
[255, 155]
[249, 161]
[185, 225]
[232, 178]
[201, 209]
[101, 310]
[152, 259]
[110, 301]
[186, 225]
[232, 179]
[49, 359]
[371, 37]
[258, 150]
[107, 301]
[68, 340]
[200, 208]
[38, 371]
[123, 286]
[259, 150]
[248, 161]
[201, 208]
[200, 209]
[49, 365]
[259, 155]
[264, 150]
[338, 76]
[310, 105]
[155, 260]
[359, 56]
[237, 178]
[365, 47]
[371, 41]
[152, 260]
[170, 242]
[32, 381]
[258, 155]
[23, 390]
[48, 365]
[357, 56]
[357, 45]
[37, 365]
[101, 301]
[68, 334]
[170, 232]
[208, 195]
[38, 365]
[32, 371]
[117, 286]
[338, 65]
[155, 248]
[161, 242]
[178, 225]
[359, 41]
[10, 390]
[340, 60]
[152, 248]
[36, 365]
[11, 390]
[67, 334]
[152, 249]
[201, 200]
[357, 49]
[359, 47]
[365, 41]
[96, 310]
[396, 10]
[301, 105]
[68, 338]
[371, 36]
[396, 11]
[23, 384]
[359, 48]
[340, 67]
[152, 255]
[170, 237]
[209, 195]
[359, 45]
[357, 47]
[39, 365]
[23, 381]
[155, 249]
[179, 225]
[310, 95]
[282, 123]
[396, 9]
[357, 48]
[340, 65]
[338, 67]
[255, 150]
[359, 36]
[357, 38]
[384, 11]
[170, 225]
[186, 209]
[200, 195]
[357, 37]
[123, 271]
[10, 384]
[371, 23]
[338, 56]
[334, 60]
[152, 242]
[186, 208]
[185, 209]
[357, 36]
[9, 384]
[107, 286]
[123, 270]
[232, 161]
[185, 208]
[381, 11]
[110, 282]
[237, 155]
[242, 150]
[310, 89]
[117, 282]
[9, 390]
[65, 334]
[249, 150]
[357, 41]
[359, 39]
[338, 60]
[248, 150]
[237, 161]
[359, 38]
[32, 365]
[96, 301]
[155, 242]
[359, 37]
[357, 39]
[110, 286]
[340, 56]
[95, 301]
[201, 195]
[49, 338]
[340, 47]
[282, 105]
[101, 286]
[264, 123]
[117, 270]
[155, 232]
[237, 150]
[186, 201]
[178, 209]
[179, 208]
[310, 76]
[48, 338]
[161, 225]
[186, 200]
[185, 201]
[178, 208]
[340, 45]
[338, 47]
[185, 200]
[152, 232]
[32, 359]
[381, 10]
[286, 105]
[381, 9]
[334, 56]
[89, 301]
[49, 340]
[357, 32]
[282, 107]
[152, 237]
[117, 271]
[23, 365]
[340, 48]
[179, 209]
[232, 208]
[170, 270]
[384, 56]
[255, 185]
[232, 209]
[396, 45]
[170, 271]
[155, 286]
[381, 60]
[101, 340]
[76, 365]
[334, 107]
[186, 255]
[433, 9]
[178, 264]
[200, 242]
[248, 195]
[396, 47]
[433, 10]
[282, 161]
[258, 185]
[23, 420]
[179, 264]
[338, 105]
[201, 242]
[249, 195]
[433, 11]
[186, 258]
[259, 185]
[48, 396]
[384, 60]
[110, 334]
[237, 208]
[49, 396]
[32, 413]
[186, 259]
[185, 260]
[340, 105]
[338, 107]
[237, 209]
[186, 260]
[56, 390]
[65, 381]
[357, 89]
[161, 286]
[340, 107]
[371, 76]
[237, 195]
[36, 396]
[161, 271]
[282, 150]
[48, 384]
[67, 365]
[200, 232]
[208, 225]
[49, 384]
[310, 123]
[396, 37]
[68, 365]
[338, 95]
[357, 76]
[185, 248]
[255, 178]
[201, 232]
[209, 225]
[38, 396]
[152, 282]
[170, 264]
[338, 96]
[186, 248]
[185, 249]
[255, 179]
[390, 45]
[39, 396]
[340, 95]
[359, 76]
[101, 334]
[186, 249]
[286, 150]
[258, 178]
[23, 413]
[340, 96]
[65, 371]
[242, 195]
[390, 47]
[396, 41]
[155, 282]
[258, 179]
[259, 178]
[381, 56]
[237, 200]
[152, 286]
[259, 179]
[260, 178]
[48, 390]
[371, 67]
[237, 201]
[49, 390]
[260, 179]
[68, 371]
[101, 338]
[334, 105]
[384, 41]
[161, 264]
[155, 270]
[365, 60]
[68, 357]
[255, 170]
[200, 225]
[413, 11]
[123, 301]
[359, 65]
[357, 67]
[232, 195]
[117, 310]
[37, 390]
[371, 56]
[68, 359]
[338, 89]
[185, 242]
[249, 178]
[248, 179]
[381, 45]
[36, 390]
[155, 271]
[359, 67]
[248, 178]
[201, 225]
[384, 45]
[39, 390]
[9, 420]
[170, 259]
[48, 381]
[340, 89]
[334, 95]
[381, 47]
[38, 390]
[32, 396]
[258, 170]
[186, 242]
[249, 179]
[384, 47]
[41, 390]
[161, 270]
[11, 420]
[371, 60]
[49, 381]
[10, 420]
[170, 260]
[65, 365]
[96, 334]
[208, 209]
[310, 107]
[36, 381]
[357, 60]
[185, 232]
[371, 45]
[32, 384]
[152, 264]
[340, 76]
[255, 161]
[237, 179]
[38, 381]
[258, 161]
[23, 396]
[155, 264]
[48, 371]
[359, 60]
[170, 249]
[371, 47]
[37, 381]
[117, 301]
[170, 248]
[186, 232]
[37, 384]
[271, 150]
[260, 161]
[365, 56]
[179, 242]
[225, 195]
[49, 371]
[310, 110]
[36, 384]
[39, 381]
[270, 150]
[259, 161]
[178, 242]
[39, 384]
[152, 271]
[413, 10]
[334, 89]
[186, 237]
[381, 41]
[38, 384]
[32, 390]
[413, 9]
[152, 270]
[357, 65]
[237, 185]
[433, 45]
[441, 37]
[208, 270]
[65, 413]
[371, 107]
[237, 242]
[441, 38]
[208, 271]
[270, 209]
[178, 301]
[95, 384]
[89, 390]
[56, 420]
[381, 95]
[371, 105]
[117, 359]
[441, 36]
[282, 195]
[96, 381]
[249, 225]
[232, 242]
[433, 41]
[357, 117]
[110, 365]
[39, 433]
[201, 271]
[186, 286]
[264, 208]
[396, 76]
[101, 371]
[365, 107]
[248, 225]
[441, 32]
[264, 209]
[413, 60]
[384, 89]
[37, 433]
[200, 270]
[381, 89]
[365, 105]
[310, 161]
[38, 433]
[200, 271]
[201, 270]
[185, 286]
[170, 301]
[186, 282]
[259, 209]
[260, 208]
[48, 420]
[237, 232]
[49, 420]
[36, 433]
[260, 209]
[413, 56]
[359, 110]
[271, 195]
[258, 208]
[76, 390]
[371, 95]
[101, 365]
[359, 107]
[242, 225]
[420, 47]
[185, 282]
[258, 209]
[259, 208]
[371, 96]
[357, 110]
[255, 209]
[178, 286]
[441, 23]
[200, 264]
[68, 396]
[357, 107]
[359, 105]
[420, 45]
[155, 310]
[32, 433]
[270, 195]
[179, 286]
[201, 264]
[255, 208]
[340, 123]
[396, 67]
[237, 225]
[49, 413]
[152, 310]
[161, 301]
[357, 105]
[41, 420]
[179, 282]
[201, 260]
[48, 413]
[65, 396]
[338, 123]
[96, 365]
[413, 47]
[310, 150]
[178, 282]
[259, 201]
[200, 260]
[76, 384]
[365, 95]
[371, 89]
[359, 101]
[39, 420]
[258, 201]
[259, 200]
[264, 195]
[249, 209]
[413, 45]
[38, 420]
[258, 200]
[68, 390]
[357, 101]
[232, 225]
[248, 209]
[249, 208]
[37, 420]
[186, 271]
[117, 340]
[67, 390]
[381, 76]
[334, 123]
[248, 208]
[36, 420]
[185, 271]
[186, 270]
[170, 286]
[23, 433]
[155, 301]
[396, 60]
[255, 201]
[185, 270]
[260, 195]
[65, 390]
[117, 338]
[359, 96]
[255, 200]
[413, 41]
[259, 195]
[359, 95]
[365, 89]
[258, 195]
[152, 301]
[357, 96]
[39, 413]
[32, 420]
[441, 11]
[170, 282]
[396, 56]
[68, 384]
[357, 95]
[242, 209]
[38, 413]
[441, 10]
[301, 150]
[67, 384]
[117, 334]
[242, 208]
[255, 195]
[413, 37]
[179, 271]
[441, 9]
[186, 264]
[390, 60]
[340, 110]
[201, 249]
[36, 413]
[178, 271]
[179, 270]
[185, 264]
[68, 381]
[65, 384]
[201, 248]
[200, 249]
[178, 270]
[338, 110]
[67, 381]
[359, 89]
[200, 248]
[237, 271]
[259, 249]
[248, 260]
[170, 338]
[441, 67]
[413, 95]
[260, 249]
[208, 301]
[68, 441]
[76, 433]
[89, 420]
[96, 413]
[152, 357]
[359, 150]
[200, 310]
[209, 301]
[170, 340]
[201, 310]
[475, 36]
[479, 32]
[286, 225]
[152, 359]
[255, 249]
[493, 11]
[170, 334]
[381, 123]
[310, 195]
[258, 248]
[264, 242]
[441, 65]
[396, 110]
[32, 475]
[237, 270]
[282, 225]
[258, 249]
[259, 248]
[357, 150]
[117, 390]
[384, 123]
[258, 242]
[67, 433]
[110, 390]
[259, 242]
[237, 264]
[200, 301]
[441, 60]
[68, 433]
[340, 161]
[396, 105]
[117, 384]
[232, 270]
[493, 9]
[479, 23]
[260, 242]
[201, 301]
[413, 89]
[255, 248]
[232, 271]
[493, 10]
[396, 107]
[186, 310]
[271, 225]
[259, 237]
[232, 264]
[301, 195]
[76, 420]
[248, 249]
[255, 242]
[237, 260]
[441, 56]
[101, 396]
[390, 107]
[475, 23]
[65, 433]
[117, 381]
[338, 161]
[433, 60]
[155, 338]
[255, 237]
[260, 232]
[152, 340]
[96, 396]
[185, 310]
[270, 225]
[209, 286]
[258, 237]
[155, 340]
[334, 161]
[390, 105]
[208, 286]
[371, 123]
[110, 384]
[310, 179]
[479, 10]
[264, 225]
[441, 48]
[433, 56]
[413, 76]
[155, 334]
[384, 105]
[441, 47]
[310, 178]
[479, 9]
[68, 420]
[338, 150]
[117, 371]
[381, 107]
[365, 123]
[249, 242]
[282, 209]
[259, 232]
[396, 95]
[101, 390]
[381, 110]
[384, 107]
[248, 242]
[441, 49]
[479, 11]
[282, 208]
[258, 232]
[340, 150]
[152, 338]
[237, 248]
[475, 10]
[260, 225]
[65, 420]
[95, 390]
[396, 89]
[101, 384]
[475, 9]
[259, 225]
[334, 150]
[255, 232]
[201, 286]
[186, 301]
[67, 420]
[237, 249]
[441, 45]
[475, 11]
[200, 286]
[185, 301]
[152, 334]
[96, 390]
[381, 105]
[249, 232]
[286, 195]
[48, 433]
[68, 413]
[371, 110]
[255, 225]
[248, 232]
[433, 47]
[170, 310]
[441, 39]
[209, 271]
[179, 301]
[420, 60]
[413, 67]
[96, 384]
[357, 123]
[201, 282]
[258, 225]
[49, 433]
[441, 41]
[200, 282]
[101, 381]
[117, 365]
[359, 123]
[511, 39]
[264, 286]
[249, 301]
[371, 179]
[117, 433]
[185, 365]
[475, 76]
[441, 110]
[170, 381]
[186, 365]
[155, 396]
[161, 390]
[511, 37]
[340, 208]
[441, 107]
[152, 396]
[511, 38]
[493, 56]
[248, 301]
[340, 209]
[371, 178]
[535, 11]
[282, 264]
[260, 286]
[338, 208]
[479, 67]
[441, 105]
[396, 150]
[237, 310]
[511, 36]
[68, 479]
[338, 209]
[533, 11]
[535, 9]
[258, 286]
[479, 65]
[185, 359]
[179, 365]
[535, 10]
[259, 286]
[23, 522]
[186, 359]
[155, 390]
[161, 384]
[511, 47]
[248, 310]
[36, 522]
[548, 10]
[549, 9]
[535, 23]
[493, 65]
[357, 201]
[441, 117]
[249, 310]
[37, 522]
[548, 11]
[550, 9]
[549, 10]
[258, 301]
[511, 48]
[334, 225]
[178, 381]
[359, 200]
[511, 45]
[270, 286]
[533, 23]
[255, 301]
[185, 371]
[433, 123]
[548, 9]
[271, 286]
[186, 371]
[357, 200]
[396, 161]
[32, 522]
[543, 11]
[359, 195]
[170, 384]
[479, 76]
[511, 41]
[310, 242]
[282, 270]
[9, 543]
[357, 195]
[543, 10]
[282, 271]
[493, 60]
[522, 45]
[535, 32]
[511, 56]
[186, 381]
[359, 208]
[23, 543]
[232, 334]
[371, 195]
[185, 381]
[357, 209]
[201, 365]
[170, 396]
[255, 310]
[533, 32]
[264, 301]
[340, 225]
[357, 208]
[200, 365]
[152, 413]
[475, 89]
[441, 123]
[41, 522]
[338, 225]
[413, 150]
[179, 384]
[178, 384]
[39, 522]
[550, 11]
[260, 301]
[493, 68]
[38, 522]
[550, 10]
[549, 11]
[259, 301]
[49, 511]
[493, 67]
[381, 179]
[359, 201]
[365, 195]
[170, 390]
[32, 543]
[237, 338]
[479, 96]
[155, 420]
[396, 179]
[185, 390]
[533, 41]
[535, 39]
[310, 264]
[479, 95]
[365, 209]
[413, 161]
[396, 178]
[535, 38]
[550, 23]
[365, 208]
[535, 37]
[533, 39]
[301, 271]
[549, 23]
[340, 232]
[201, 371]
[152, 420]
[49, 522]
[535, 36]
[533, 38]
[548, 23]
[270, 301]
[511, 60]
[237, 334]
[475, 96]
[200, 371]
[48, 522]
[533, 37]
[260, 310]
[338, 232]
[475, 95]
[186, 384]
[420, 150]
[47, 522]
[533, 36]
[259, 310]
[493, 76]
[185, 384]
[179, 390]
[282, 286]
[258, 310]
[479, 89]
[359, 209]
[155, 413]
[178, 390]
[475, 41]
[479, 37]
[493, 23]
[338, 178]
[96, 420]
[479, 38]
[258, 259]
[338, 179]
[441, 76]
[152, 365]
[310, 208]
[479, 39]
[248, 270]
[232, 286]
[258, 260]
[340, 178]
[413, 105]
[357, 161]
[310, 209]
[248, 271]
[249, 270]
[237, 282]
[259, 260]
[255, 264]
[340, 179]
[185, 334]
[396, 123]
[475, 37]
[242, 270]
[248, 264]
[178, 334]
[357, 155]
[38, 475]
[242, 271]
[258, 255]
[249, 264]
[334, 179]
[117, 396]
[123, 390]
[475, 39]
[232, 282]
[255, 259]
[101, 413]
[155, 359]
[479, 36]
[255, 260]
[95, 420]
[365, 150]
[49, 475]
[479, 45]
[282, 242]
[260, 264]
[186, 338]
[493, 32]
[255, 270]
[185, 340]
[420, 105]
[479, 47]
[255, 271]
[301, 225]
[186, 340]
[155, 371]
[365, 161]
[479, 48]
[420, 107]
[170, 357]
[475, 45]
[479, 41]
[249, 271]
[511, 9]
[186, 334]
[413, 107]
[359, 161]
[155, 365]
[511, 10]
[101, 420]
[371, 150]
[475, 47]
[511, 11]
[258, 264]
[433, 89]
[237, 286]
[259, 264]
[48, 475]
[185, 338]
[152, 371]
[413, 110]
[11, 522]
[232, 301]
[338, 195]
[152, 381]
[493, 39]
[10, 522]
[371, 161]
[310, 225]
[249, 286]
[264, 271]
[479, 56]
[475, 60]
[340, 195]
[201, 334]
[357, 178]
[170, 365]
[493, 41]
[248, 286]
[511, 23]
[264, 270]
[200, 334]
[101, 433]
[384, 150]
[493, 36]
[258, 271]
[259, 270]
[334, 195]
[96, 433]
[170, 359]
[479, 49]
[242, 286]
[258, 270]
[433, 95]
[493, 38]
[249, 282]
[9, 522]
[260, 271]
[475, 56]
[381, 150]
[493, 37]
[248, 282]
[259, 271]
[260, 270]
[441, 89]
[110, 420]
[117, 413]
[259, 282]
[255, 286]
[270, 271]
[493, 48]
[340, 201]
[170, 371]
[493, 47]
[258, 282]
[340, 200]
[475, 65]
[433, 107]
[390, 150]
[32, 511]
[533, 10]
[242, 301]
[68, 475]
[334, 209]
[110, 433]
[186, 357]
[178, 365]
[123, 420]
[232, 310]
[260, 282]
[533, 9]
[493, 49]
[475, 67]
[334, 208]
[441, 101]
[381, 161]
[357, 185]
[152, 390]
[255, 282]
[441, 96]
[117, 420]
[359, 178]
[441, 95]
[155, 381]
[357, 179]
[413, 123]
[152, 384]
[479, 60]
[201, 338]
[155, 384]
[493, 45]
[237, 301]
[200, 338]
[433, 105]
[359, 179]
[550, 60]
[340, 270]
[67, 543]
[493, 117]
[89, 522]
[310, 301]
[41, 570]
[340, 271]
[535, 76]
[68, 543]
[441, 170]
[178, 433]
[38, 570]
[548, 60]
[338, 270]
[65, 543]
[237, 371]
[359, 249]
[413, 195]
[533, 76]
[39, 570]
[338, 271]
[549, 60]
[384, 225]
[10, 604]
[549, 65]
[255, 359]
[249, 365]
[201, 413]
[570, 45]
[11, 604]
[548, 67]
[550, 65]
[258, 357]
[592, 23]
[390, 225]
[420, 195]
[23, 589]
[511, 101]
[255, 357]
[179, 433]
[9, 604]
[548, 65]
[371, 242]
[232, 381]
[248, 365]
[200, 413]
[96, 522]
[48, 570]
[68, 550]
[259, 359]
[237, 381]
[511, 107]
[185, 433]
[49, 570]
[359, 260]
[76, 543]
[248, 371]
[441, 178]
[186, 433]
[334, 282]
[68, 548]
[549, 67]
[357, 259]
[511, 105]
[493, 123]
[232, 384]
[95, 522]
[47, 570]
[550, 67]
[68, 549]
[258, 359]
[357, 260]
[533, 89]
[612, 10]
[340, 282]
[413, 209]
[232, 390]
[101, 522]
[612, 11]
[258, 365]
[359, 264]
[381, 242]
[338, 282]
[334, 286]
[371, 249]
[255, 365]
[441, 179]
[200, 420]
[32, 589]
[612, 9]
[357, 264]
[511, 110]
[413, 208]
[396, 225]
[237, 384]
[201, 420]
[522, 105]
[38, 589]
[616, 11]
[23, 604]
[357, 270]
[152, 475]
[237, 390]
[186, 441]
[37, 589]
[56, 570]
[616, 10]
[550, 76]
[340, 286]
[255, 371]
[384, 242]
[441, 185]
[36, 589]
[549, 76]
[9, 616]
[260, 365]
[475, 150]
[592, 32]
[548, 76]
[338, 286]
[259, 365]
[535, 89]
[592, 39]
[9, 622]
[371, 260]
[535, 96]
[152, 479]
[41, 589]
[592, 38]
[570, 60]
[359, 271]
[259, 371]
[535, 95]
[249, 381]
[155, 475]
[533, 96]
[107, 522]
[592, 37]
[258, 371]
[365, 264]
[359, 270]
[248, 381]
[479, 150]
[209, 420]
[533, 95]
[592, 36]
[39, 589]
[357, 271]
[117, 511]
[232, 396]
[433, 195]
[208, 420]
[65, 570]
[612, 23]
[371, 264]
[365, 270]
[334, 301]
[533, 101]
[589, 45]
[511, 123]
[479, 155]
[201, 433]
[592, 41]
[11, 622]
[237, 396]
[249, 384]
[200, 433]
[110, 522]
[10, 622]
[543, 89]
[248, 384]
[242, 390]
[117, 522]
[592, 47]
[357, 282]
[550, 89]
[258, 381]
[23, 616]
[96, 543]
[338, 301]
[255, 384]
[249, 390]
[49, 589]
[533, 105]
[68, 570]
[549, 89]
[95, 543]
[413, 225]
[396, 242]
[248, 390]
[592, 45]
[67, 570]
[548, 89]
[48, 589]
[589, 47]
[32, 604]
[365, 271]
[535, 101]
[255, 381]
[441, 195]
[475, 161]
[535, 41]
[511, 65]
[334, 242]
[101, 475]
[381, 195]
[186, 390]
[237, 340]
[533, 45]
[56, 522]
[511, 67]
[36, 543]
[9, 570]
[68, 511]
[371, 208]
[384, 195]
[535, 45]
[533, 47]
[37, 543]
[10, 570]
[32, 548]
[310, 270]
[338, 242]
[479, 101]
[371, 209]
[475, 105]
[533, 48]
[38, 543]
[310, 271]
[11, 570]
[32, 549]
[200, 381]
[185, 396]
[161, 420]
[533, 49]
[522, 60]
[535, 47]
[39, 543]
[550, 32]
[340, 242]
[248, 334]
[493, 89]
[201, 381]
[475, 107]
[357, 225]
[186, 396]
[282, 301]
[535, 48]
[249, 334]
[170, 413]
[433, 150]
[535, 49]
[543, 41]
[548, 36]
[479, 105]
[359, 225]
[200, 384]
[548, 37]
[549, 36]
[475, 110]
[152, 433]
[201, 384]
[390, 195]
[548, 38]
[550, 36]
[549, 37]
[338, 248]
[479, 107]
[65, 522]
[548, 39]
[550, 37]
[549, 38]
[301, 286]
[338, 249]
[511, 76]
[543, 45]
[550, 38]
[549, 39]
[340, 248]
[493, 95]
[155, 433]
[533, 56]
[67, 522]
[548, 41]
[550, 39]
[340, 249]
[255, 334]
[493, 96]
[479, 110]
[381, 208]
[357, 232]
[68, 522]
[543, 47]
[549, 41]
[381, 209]
[365, 225]
[200, 390]
[170, 420]
[550, 41]
[535, 56]
[48, 543]
[359, 232]
[413, 178]
[396, 195]
[201, 390]
[441, 150]
[533, 60]
[548, 45]
[259, 334]
[23, 570]
[255, 338]
[152, 441]
[384, 209]
[49, 543]
[310, 282]
[258, 334]
[117, 475]
[413, 179]
[384, 208]
[548, 47]
[550, 45]
[535, 60]
[255, 340]
[549, 45]
[260, 334]
[493, 101]
[357, 237]
[433, 161]
[49, 548]
[550, 47]
[48, 549]
[259, 338]
[232, 365]
[201, 396]
[548, 48]
[549, 47]
[310, 286]
[258, 338]
[371, 225]
[479, 117]
[237, 359]
[441, 155]
[200, 396]
[10, 589]
[550, 49]
[259, 340]
[543, 56]
[357, 242]
[186, 413]
[209, 390]
[179, 420]
[533, 65]
[76, 522]
[9, 589]
[550, 48]
[49, 549]
[258, 340]
[338, 260]
[334, 264]
[493, 105]
[475, 123]
[185, 413]
[208, 390]
[178, 420]
[68, 533]
[592, 9]
[359, 242]
[533, 67]
[11, 589]
[340, 260]
[535, 65]
[511, 89]
[493, 107]
[592, 11]
[68, 535]
[543, 60]
[371, 232]
[493, 110]
[170, 433]
[32, 570]
[592, 10]
[338, 264]
[535, 67]
[237, 365]
[479, 123]
[441, 161]
[334, 271]
[549, 56]
[357, 248]
[396, 209]
[185, 420]
[548, 56]
[340, 264]
[334, 270]
[396, 208]
[37, 570]
[511, 96]
[359, 248]
[365, 242]
[36, 570]
[550, 56]
[511, 95]
[381, 225]
[357, 249]
[186, 420]
[649, 38]
[117, 570]
[677, 10]
[152, 535]
[65, 622]
[592, 95]
[479, 208]
[649, 37]
[9, 677]
[152, 533]
[649, 36]
[535, 150]
[384, 301]
[96, 589]
[413, 271]
[264, 420]
[68, 616]
[95, 589]
[475, 209]
[533, 150]
[161, 522]
[413, 270]
[67, 616]
[441, 242]
[475, 208]
[396, 286]
[381, 301]
[622, 60]
[249, 433]
[371, 310]
[32, 649]
[65, 616]
[592, 89]
[170, 511]
[248, 433]
[110, 570]
[260, 420]
[68, 612]
[76, 604]
[479, 201]
[259, 420]
[612, 67]
[493, 186]
[479, 200]
[396, 282]
[258, 420]
[56, 622]
[340, 338]
[89, 589]
[441, 237]
[493, 185]
[155, 522]
[107, 570]
[413, 264]
[65, 612]
[665, 11]
[390, 286]
[616, 60]
[201, 475]
[310, 365]
[570, 105]
[665, 10]
[433, 242]
[255, 420]
[475, 200]
[152, 522]
[665, 9]
[340, 334]
[479, 195]
[550, 123]
[260, 413]
[441, 232]
[150, 522]
[282, 390]
[549, 123]
[259, 413]
[649, 23]
[616, 56]
[371, 301]
[612, 60]
[68, 604]
[338, 334]
[511, 161]
[493, 179]
[493, 209]
[665, 37]
[282, 420]
[152, 550]
[592, 110]
[533, 170]
[38, 665]
[433, 270]
[548, 155]
[338, 365]
[475, 225]
[178, 522]
[310, 390]
[152, 548]
[550, 150]
[441, 259]
[23, 677]
[96, 604]
[493, 208]
[179, 522]
[665, 36]
[152, 549]
[441, 260]
[612, 89]
[49, 649]
[548, 150]
[155, 543]
[76, 622]
[549, 150]
[413, 286]
[258, 441]
[359, 340]
[334, 365]
[95, 604]
[110, 589]
[592, 107]
[649, 47]
[535, 161]
[589, 107]
[255, 441]
[511, 185]
[32, 665]
[433, 264]
[48, 649]
[396, 301]
[357, 340]
[359, 338]
[592, 105]
[186, 511]
[533, 161]
[649, 45]
[310, 384]
[589, 105]
[493, 201]
[413, 282]
[152, 543]
[357, 338]
[170, 522]
[681, 11]
[259, 433]
[76, 616]
[123, 570]
[260, 433]
[543, 150]
[359, 334]
[89, 604]
[592, 101]
[493, 200]
[649, 41]
[270, 420]
[681, 9]
[535, 155]
[68, 622]
[101, 589]
[441, 249]
[511, 179]
[310, 381]
[420, 271]
[681, 10]
[258, 433]
[390, 301]
[357, 334]
[493, 195]
[533, 155]
[649, 39]
[677, 11]
[665, 23]
[612, 76]
[592, 96]
[255, 433]
[479, 209]
[67, 622]
[441, 248]
[511, 178]
[49, 604]
[612, 41]
[37, 616]
[371, 282]
[548, 105]
[110, 543]
[475, 178]
[36, 616]
[381, 271]
[117, 535]
[48, 604]
[592, 60]
[232, 420]
[39, 616]
[384, 271]
[548, 107]
[550, 105]
[259, 396]
[413, 242]
[38, 616]
[32, 622]
[384, 270]
[549, 105]
[258, 396]
[264, 390]
[65, 589]
[493, 161]
[475, 179]
[604, 45]
[612, 37]
[548, 101]
[259, 390]
[589, 60]
[479, 170]
[441, 208]
[338, 310]
[612, 36]
[32, 616]
[258, 390]
[264, 384]
[543, 105]
[592, 56]
[493, 155]
[604, 47]
[39, 612]
[550, 101]
[365, 286]
[381, 270]
[255, 396]
[533, 117]
[340, 310]
[38, 612]
[101, 549]
[260, 390]
[543, 107]
[237, 413]
[441, 209]
[123, 522]
[41, 604]
[550, 95]
[549, 96]
[359, 286]
[23, 622]
[381, 264]
[535, 110]
[56, 589]
[232, 413]
[493, 152]
[249, 396]
[255, 390]
[170, 475]
[420, 225]
[310, 334]
[32, 612]
[548, 96]
[549, 95]
[260, 384]
[101, 543]
[248, 396]
[365, 282]
[76, 570]
[550, 96]
[592, 49]
[37, 604]
[359, 282]
[260, 381]
[371, 270]
[340, 301]
[441, 200]
[433, 208]
[533, 107]
[36, 604]
[259, 381]
[535, 105]
[592, 48]
[479, 161]
[533, 110]
[39, 604]
[548, 95]
[357, 286]
[259, 384]
[493, 150]
[38, 604]
[371, 271]
[258, 384]
[535, 107]
[441, 201]
[433, 209]
[612, 56]
[592, 76]
[255, 413]
[248, 420]
[622, 47]
[359, 310]
[65, 604]
[249, 420]
[384, 286]
[48, 622]
[237, 433]
[475, 195]
[49, 622]
[101, 570]
[548, 123]
[258, 413]
[67, 604]
[493, 178]
[48, 616]
[604, 60]
[479, 185]
[49, 616]
[95, 570]
[117, 548]
[76, 589]
[232, 433]
[186, 479]
[96, 570]
[282, 384]
[117, 549]
[396, 270]
[543, 123]
[365, 301]
[511, 155]
[441, 225]
[622, 45]
[357, 310]
[396, 271]
[550, 117]
[381, 286]
[38, 622]
[270, 390]
[649, 11]
[550, 110]
[396, 264]
[48, 612]
[117, 543]
[56, 604]
[359, 301]
[68, 592]
[185, 475]
[49, 612]
[616, 45]
[39, 622]
[390, 271]
[248, 413]
[511, 150]
[186, 475]
[249, 413]
[242, 420]
[616, 47]
[41, 622]
[381, 282]
[152, 511]
[493, 170]
[533, 123]
[549, 107]
[260, 396]
[67, 589]
[612, 45]
[616, 41]
[550, 107]
[371, 286]
[68, 589]
[592, 65]
[479, 178]
[237, 420]
[36, 622]
[649, 9]
[548, 110]
[535, 123]
[357, 301]
[433, 225]
[479, 179]
[612, 47]
[37, 622]
[89, 570]
[649, 10]
[549, 110]
[592, 67]
[225, 522]
[413, 334]
[357, 390]
[592, 155]
[32, 714]
[475, 271]
[65, 681]
[381, 365]
[475, 270]
[550, 195]
[68, 677]
[123, 622]
[649, 96]
[549, 195]
[535, 209]
[201, 543]
[67, 677]
[649, 95]
[155, 589]
[152, 592]
[441, 310]
[714, 37]
[11, 740]
[550, 201]
[493, 258]
[543, 208]
[338, 413]
[714, 36]
[479, 271]
[10, 740]
[550, 200]
[549, 201]
[23, 727]
[101, 649]
[161, 589]
[179, 570]
[479, 270]
[9, 740]
[548, 201]
[549, 200]
[68, 681]
[359, 390]
[365, 384]
[493, 255]
[237, 511]
[178, 570]
[548, 200]
[681, 67]
[730, 9]
[479, 260]
[475, 264]
[616, 123]
[117, 622]
[589, 150]
[11, 727]
[479, 259]
[543, 195]
[649, 89]
[357, 381]
[10, 727]
[258, 479]
[714, 23]
[681, 56]
[677, 60]
[511, 225]
[9, 727]
[186, 550]
[535, 201]
[340, 396]
[371, 365]
[511, 232]
[310, 433]
[548, 195]
[479, 264]
[535, 208]
[200, 543]
[359, 384]
[493, 249]
[533, 209]
[441, 301]
[65, 677]
[592, 150]
[493, 248]
[533, 208]
[730, 11]
[681, 60]
[665, 76]
[152, 589]
[357, 384]
[170, 570]
[730, 10]
[359, 381]
[730, 32]
[714, 48]
[612, 150]
[170, 592]
[36, 727]
[493, 270]
[23, 740]
[49, 714]
[511, 249]
[535, 225]
[340, 420]
[665, 95]
[714, 47]
[479, 282]
[475, 286]
[665, 96]
[371, 390]
[396, 365]
[255, 511]
[730, 36]
[39, 727]
[616, 150]
[677, 89]
[101, 665]
[117, 649]
[730, 37]
[535, 232]
[155, 612]
[334, 433]
[371, 396]
[178, 589]
[242, 522]
[37, 727]
[493, 271]
[152, 612]
[533, 232]
[38, 727]
[570, 195]
[479, 286]
[381, 384]
[161, 604]
[232, 522]
[334, 420]
[665, 89]
[649, 105]
[604, 150]
[714, 41]
[185, 570]
[371, 384]
[359, 396]
[365, 390]
[714, 38]
[493, 259]
[543, 209]
[371, 381]
[511, 242]
[714, 39]
[730, 23]
[493, 260]
[340, 413]
[76, 677]
[357, 396]
[592, 161]
[533, 225]
[550, 208]
[549, 209]
[338, 420]
[511, 248]
[714, 45]
[237, 522]
[32, 727]
[550, 209]
[649, 110]
[170, 589]
[155, 604]
[186, 570]
[548, 208]
[649, 107]
[152, 604]
[475, 282]
[548, 209]
[549, 208]
[493, 264]
[681, 76]
[36, 677]
[32, 681]
[535, 178]
[48, 665]
[170, 543]
[101, 612]
[533, 179]
[665, 47]
[441, 271]
[96, 616]
[123, 589]
[511, 201]
[237, 475]
[38, 677]
[433, 282]
[381, 334]
[592, 123]
[49, 665]
[37, 677]
[535, 179]
[413, 301]
[649, 65]
[110, 604]
[475, 242]
[195, 522]
[681, 36]
[68, 649]
[612, 105]
[101, 616]
[95, 622]
[39, 677]
[649, 67]
[357, 359]
[479, 237]
[511, 208]
[186, 533]
[38, 681]
[170, 549]
[433, 286]
[338, 381]
[612, 107]
[493, 225]
[533, 185]
[677, 41]
[681, 37]
[170, 548]
[96, 622]
[334, 384]
[550, 155]
[441, 264]
[170, 535]
[649, 56]
[340, 365]
[616, 89]
[371, 334]
[101, 604]
[665, 39]
[433, 271]
[155, 549]
[681, 23]
[161, 543]
[479, 225]
[475, 232]
[185, 522]
[612, 95]
[511, 195]
[665, 41]
[396, 310]
[420, 286]
[117, 589]
[32, 677]
[548, 161]
[649, 60]
[338, 371]
[604, 105]
[592, 117]
[186, 522]
[96, 612]
[533, 178]
[441, 270]
[550, 161]
[340, 371]
[95, 616]
[89, 622]
[604, 107]
[479, 232]
[511, 200]
[665, 45]
[549, 161]
[533, 195]
[681, 47]
[550, 178]
[549, 179]
[185, 543]
[338, 390]
[357, 371]
[479, 249]
[550, 179]
[48, 681]
[186, 543]
[117, 612]
[622, 107]
[493, 237]
[255, 475]
[49, 681]
[208, 522]
[310, 420]
[535, 195]
[340, 390]
[665, 65]
[396, 334]
[359, 371]
[209, 522]
[161, 570]
[665, 67]
[110, 622]
[533, 200]
[548, 185]
[258, 475]
[677, 56]
[68, 665]
[117, 616]
[533, 201]
[186, 548]
[185, 549]
[259, 475]
[433, 301]
[338, 396]
[255, 479]
[493, 242]
[550, 185]
[186, 549]
[475, 260]
[535, 200]
[612, 123]
[511, 209]
[39, 681]
[570, 150]
[550, 170]
[535, 185]
[186, 535]
[178, 543]
[665, 56]
[420, 301]
[340, 381]
[616, 105]
[117, 604]
[479, 242]
[677, 45]
[200, 522]
[681, 41]
[152, 570]
[179, 543]
[338, 384]
[612, 110]
[357, 365]
[475, 248]
[201, 522]
[413, 310]
[441, 282]
[714, 9]
[616, 107]
[101, 622]
[475, 249]
[677, 47]
[714, 10]
[340, 384]
[334, 390]
[359, 365]
[493, 232]
[155, 570]
[714, 11]
[48, 677]
[665, 60]
[649, 76]
[49, 677]
[681, 45]
[548, 178]
[110, 616]
[548, 179]
[549, 178]
[441, 286]
[622, 105]
[123, 604]
[479, 248]
[511, 310]
[32, 789]
[550, 271]
[535, 286]
[612, 209]
[714, 107]
[232, 589]
[11, 809]
[550, 270]
[549, 271]
[612, 208]
[155, 665]
[301, 522]
[201, 622]
[96, 727]
[433, 390]
[200, 622]
[95, 727]
[441, 381]
[535, 282]
[479, 338]
[201, 616]
[622, 195]
[592, 225]
[152, 665]
[433, 384]
[76, 740]
[200, 616]
[89, 727]
[396, 420]
[249, 570]
[10, 809]
[548, 271]
[549, 270]
[533, 286]
[479, 340]
[730, 89]
[714, 105]
[170, 649]
[248, 570]
[548, 270]
[9, 809]
[543, 286]
[259, 570]
[89, 740]
[592, 237]
[604, 225]
[152, 677]
[396, 433]
[789, 39]
[258, 570]
[101, 727]
[649, 179]
[549, 282]
[493, 338]
[622, 209]
[730, 101]
[242, 589]
[117, 714]
[681, 150]
[441, 390]
[789, 41]
[548, 282]
[260, 570]
[208, 622]
[789, 36]
[255, 570]
[282, 543]
[616, 209]
[730, 95]
[441, 384]
[616, 208]
[714, 110]
[592, 232]
[789, 38]
[493, 334]
[677, 150]
[649, 178]
[789, 37]
[730, 96]
[237, 589]
[665, 161]
[533, 271]
[282, 522]
[255, 549]
[371, 433]
[681, 123]
[200, 604]
[155, 649]
[384, 420]
[550, 255]
[535, 270]
[65, 740]
[201, 604]
[535, 271]
[258, 548]
[730, 76]
[441, 365]
[237, 570]
[259, 548]
[258, 549]
[543, 264]
[612, 195]
[67, 740]
[185, 622]
[789, 11]
[740, 60]
[178, 622]
[592, 208]
[441, 359]
[677, 123]
[258, 543]
[185, 616]
[179, 622]
[381, 420]
[592, 209]
[152, 649]
[232, 570]
[259, 543]
[186, 616]
[493, 310]
[255, 548]
[260, 543]
[533, 270]
[76, 727]
[714, 89]
[413, 390]
[242, 570]
[548, 264]
[789, 23]
[511, 301]
[200, 612]
[441, 371]
[208, 604]
[549, 264]
[543, 270]
[475, 338]
[201, 612]
[479, 334]
[209, 604]
[543, 271]
[550, 264]
[381, 433]
[589, 225]
[533, 282]
[340, 475]
[714, 101]
[665, 150]
[548, 260]
[258, 550]
[259, 549]
[286, 522]
[68, 740]
[186, 622]
[550, 259]
[549, 260]
[475, 334]
[714, 95]
[396, 413]
[550, 260]
[714, 96]
[420, 390]
[649, 161]
[616, 195]
[549, 242]
[533, 258]
[248, 543]
[612, 179]
[371, 420]
[681, 110]
[548, 242]
[255, 535]
[730, 60]
[612, 178]
[714, 76]
[201, 589]
[357, 433]
[186, 604]
[49, 740]
[479, 310]
[200, 589]
[185, 604]
[533, 255]
[48, 740]
[681, 107]
[665, 123]
[47, 740]
[550, 237]
[727, 60]
[110, 677]
[592, 195]
[237, 549]
[264, 522]
[730, 56]
[170, 616]
[681, 105]
[396, 390]
[740, 45]
[475, 310]
[237, 548]
[543, 242]
[365, 420]
[535, 249]
[371, 413]
[677, 107]
[589, 195]
[789, 10]
[550, 249]
[535, 264]
[604, 195]
[649, 150]
[550, 248]
[549, 249]
[789, 9]
[255, 543]
[68, 730]
[186, 612]
[209, 589]
[441, 357]
[117, 681]
[433, 365]
[548, 249]
[549, 248]
[511, 286]
[533, 264]
[185, 612]
[730, 67]
[208, 589]
[413, 384]
[548, 248]
[56, 740]
[570, 225]
[535, 260]
[68, 727]
[730, 65]
[179, 616]
[259, 535]
[493, 301]
[67, 727]
[178, 616]
[413, 381]
[117, 677]
[271, 522]
[511, 282]
[258, 535]
[533, 260]
[592, 201]
[550, 242]
[533, 259]
[270, 522]
[249, 543]
[65, 727]
[170, 622]
[592, 200]
[359, 433]
[47, 727]
[549, 225]
[714, 60]
[152, 622]
[185, 589]
[170, 604]
[384, 390]
[533, 242]
[730, 45]
[493, 282]
[550, 225]
[511, 264]
[48, 727]
[232, 543]
[441, 334]
[665, 110]
[186, 589]
[727, 45]
[32, 740]
[237, 535]
[622, 150]
[677, 95]
[665, 107]
[359, 413]
[649, 123]
[548, 225]
[340, 433]
[612, 161]
[96, 677]
[533, 237]
[248, 522]
[200, 570]
[259, 511]
[714, 56]
[681, 89]
[665, 105]
[357, 413]
[592, 178]
[249, 522]
[730, 41]
[201, 570]
[511, 260]
[338, 433]
[155, 616]
[381, 390]
[592, 179]
[41, 727]
[730, 38]
[543, 225]
[152, 616]
[179, 589]
[730, 39]
[258, 511]
[533, 249]
[511, 271]
[550, 232]
[260, 522]
[68, 714]
[170, 612]
[101, 681]
[677, 105]
[117, 665]
[178, 604]
[535, 248]
[56, 727]
[161, 622]
[179, 604]
[548, 232]
[258, 522]
[237, 543]
[479, 301]
[396, 384]
[533, 248]
[41, 740]
[511, 270]
[549, 232]
[259, 522]
[441, 340]
[714, 67]
[38, 740]
[208, 570]
[730, 48]
[101, 677]
[186, 592]
[413, 365]
[39, 740]
[209, 570]
[493, 286]
[730, 49]
[714, 65]
[441, 338]
[359, 420]
[36, 740]
[49, 727]
[475, 301]
[681, 95]
[255, 522]
[730, 47]
[37, 740]
[535, 242]
[161, 616]
[155, 622]
[681, 96]
[396, 381]
[357, 420]
[592, 185]
[359, 522]
[259, 622]
[338, 543]
[200, 681]
[649, 232]
[310, 570]
[56, 824]
[258, 622]
[616, 264]
[730, 150]
[37, 846]
[612, 271]
[549, 334]
[340, 543]
[493, 390]
[36, 846]
[548, 334]
[23, 859]
[260, 622]
[612, 270]
[511, 371]
[201, 681]
[152, 730]
[155, 727]
[39, 846]
[789, 96]
[76, 809]
[677, 208]
[730, 155]
[38, 846]
[789, 95]
[550, 334]
[824, 60]
[170, 714]
[365, 522]
[41, 846]
[616, 271]
[549, 338]
[282, 604]
[548, 338]
[264, 622]
[616, 270]
[677, 209]
[237, 649]
[340, 549]
[65, 824]
[681, 208]
[493, 396]
[548, 340]
[550, 338]
[475, 413]
[161, 727]
[846, 45]
[32, 859]
[67, 824]
[649, 242]
[730, 161]
[533, 357]
[789, 101]
[550, 340]
[604, 286]
[589, 301]
[681, 209]
[150, 740]
[665, 225]
[371, 522]
[846, 47]
[622, 271]
[592, 301]
[714, 179]
[533, 359]
[68, 824]
[622, 270]
[357, 535]
[511, 381]
[479, 413]
[152, 740]
[714, 178]
[49, 846]
[36, 859]
[155, 740]
[511, 384]
[475, 420]
[789, 105]
[612, 282]
[535, 359]
[48, 846]
[260, 604]
[248, 616]
[242, 622]
[493, 371]
[714, 150]
[789, 76]
[56, 809]
[41, 824]
[249, 616]
[475, 390]
[200, 665]
[185, 681]
[152, 714]
[201, 665]
[533, 334]
[255, 612]
[186, 681]
[859, 9]
[264, 604]
[357, 511]
[809, 60]
[859, 10]
[824, 45]
[23, 846]
[535, 334]
[714, 155]
[479, 390]
[859, 11]
[258, 612]
[248, 622]
[511, 359]
[533, 338]
[301, 570]
[282, 589]
[47, 824]
[259, 612]
[255, 616]
[249, 622]
[475, 396]
[48, 824]
[612, 260]
[677, 195]
[533, 340]
[49, 824]
[535, 338]
[665, 208]
[65, 809]
[592, 282]
[258, 616]
[270, 604]
[493, 381]
[441, 433]
[649, 225]
[665, 209]
[604, 271]
[589, 286]
[259, 616]
[535, 340]
[479, 396]
[714, 161]
[67, 809]
[260, 616]
[612, 264]
[511, 365]
[681, 195]
[68, 809]
[334, 543]
[255, 622]
[200, 677]
[493, 384]
[150, 727]
[32, 846]
[789, 89]
[592, 286]
[201, 677]
[357, 522]
[152, 727]
[550, 301]
[592, 259]
[511, 340]
[170, 681]
[186, 665]
[41, 809]
[549, 301]
[258, 592]
[479, 371]
[110, 740]
[493, 357]
[123, 727]
[201, 649]
[185, 665]
[789, 60]
[548, 301]
[260, 589]
[511, 338]
[237, 612]
[649, 200]
[39, 809]
[259, 589]
[232, 616]
[9, 846]
[178, 677]
[789, 65]
[809, 45]
[612, 242]
[232, 622]
[441, 413]
[310, 543]
[264, 589]
[237, 616]
[730, 123]
[249, 604]
[433, 420]
[282, 570]
[592, 260]
[493, 359]
[248, 604]
[549, 310]
[270, 589]
[237, 622]
[255, 604]
[681, 178]
[475, 384]
[49, 809]
[548, 310]
[616, 242]
[493, 365]
[649, 209]
[68, 789]
[48, 809]
[11, 846]
[117, 740]
[649, 208]
[334, 522]
[789, 67]
[47, 809]
[10, 846]
[32, 824]
[570, 286]
[592, 264]
[475, 381]
[179, 677]
[592, 271]
[39, 824]
[259, 604]
[123, 740]
[186, 677]
[479, 384]
[340, 522]
[38, 824]
[258, 604]
[592, 270]
[185, 677]
[37, 824]
[612, 249]
[441, 420]
[338, 522]
[589, 271]
[550, 310]
[36, 824]
[248, 612]
[479, 381]
[681, 179]
[665, 195]
[533, 301]
[789, 45]
[10, 824]
[548, 286]
[264, 570]
[107, 727]
[592, 242]
[359, 475]
[185, 649]
[11, 824]
[549, 286]
[95, 740]
[730, 105]
[170, 665]
[186, 649]
[310, 522]
[550, 282]
[23, 809]
[727, 105]
[357, 475]
[155, 677]
[9, 824]
[493, 340]
[152, 681]
[413, 420]
[49, 789]
[249, 589]
[479, 359]
[161, 677]
[789, 47]
[550, 286]
[535, 301]
[96, 740]
[479, 357]
[232, 604]
[155, 681]
[789, 48]
[612, 225]
[110, 727]
[730, 107]
[248, 589]
[714, 123]
[441, 396]
[681, 161]
[533, 310]
[665, 178]
[270, 570]
[730, 110]
[592, 248]
[475, 365]
[570, 271]
[32, 809]
[616, 225]
[101, 740]
[592, 249]
[237, 604]
[37, 809]
[475, 371]
[242, 604]
[413, 433]
[38, 809]
[23, 824]
[258, 589]
[622, 225]
[107, 740]
[255, 592]
[730, 117]
[170, 677]
[543, 301]
[612, 232]
[255, 589]
[117, 727]
[479, 365]
[649, 195]
[665, 179]
[535, 310]
[789, 56]
[36, 809]
[511, 334]
[740, 105]
[714, 242]
[413, 543]
[340, 616]
[334, 622]
[110, 846]
[592, 365]
[232, 727]
[649, 310]
[170, 789]
[809, 150]
[282, 677]
[225, 727]
[681, 271]
[340, 612]
[441, 511]
[533, 420]
[846, 107]
[384, 570]
[338, 616]
[859, 95]
[365, 589]
[479, 475]
[730, 225]
[433, 522]
[535, 420]
[96, 859]
[208, 740]
[677, 271]
[535, 413]
[859, 89]
[359, 589]
[209, 740]
[592, 357]
[789, 161]
[649, 301]
[338, 612]
[334, 616]
[237, 714]
[381, 570]
[665, 286]
[681, 270]
[846, 105]
[592, 359]
[789, 155]
[548, 396]
[340, 604]
[511, 433]
[549, 396]
[681, 264]
[714, 232]
[533, 413]
[550, 396]
[612, 334]
[357, 589]
[665, 282]
[123, 824]
[677, 270]
[101, 846]
[152, 789]
[371, 570]
[117, 824]
[681, 260]
[677, 264]
[95, 846]
[201, 740]
[550, 390]
[259, 681]
[200, 740]
[420, 522]
[338, 604]
[96, 846]
[260, 677]
[209, 727]
[665, 271]
[259, 677]
[255, 681]
[714, 225]
[730, 209]
[789, 150]
[549, 390]
[258, 681]
[396, 543]
[730, 208]
[548, 390]
[334, 604]
[549, 384]
[543, 390]
[310, 622]
[123, 809]
[548, 384]
[592, 340]
[255, 677]
[208, 727]
[195, 740]
[413, 522]
[365, 570]
[665, 270]
[649, 286]
[258, 677]
[859, 76]
[846, 89]
[550, 384]
[110, 824]
[493, 441]
[533, 396]
[359, 570]
[548, 381]
[824, 105]
[665, 264]
[340, 589]
[248, 681]
[201, 727]
[649, 282]
[550, 381]
[107, 824]
[535, 396]
[511, 420]
[730, 201]
[549, 381]
[592, 338]
[681, 249]
[730, 200]
[310, 616]
[117, 809]
[67, 859]
[592, 334]
[249, 677]
[493, 433]
[186, 740]
[357, 570]
[543, 384]
[68, 859]
[338, 589]
[200, 727]
[259, 665]
[381, 543]
[65, 859]
[511, 413]
[730, 195]
[101, 824]
[665, 260]
[535, 390]
[248, 677]
[185, 740]
[714, 208]
[195, 727]
[612, 310]
[76, 846]
[714, 209]
[533, 390]
[258, 665]
[622, 301]
[334, 589]
[681, 242]
[649, 271]
[549, 371]
[96, 824]
[479, 441]
[255, 665]
[550, 371]
[396, 522]
[237, 681]
[178, 740]
[110, 809]
[649, 270]
[548, 371]
[95, 824]
[535, 384]
[859, 60]
[677, 242]
[179, 740]
[107, 809]
[535, 381]
[441, 475]
[186, 730]
[533, 384]
[616, 301]
[533, 381]
[310, 604]
[809, 105]
[549, 365]
[371, 543]
[68, 846]
[237, 677]
[665, 249]
[714, 200]
[550, 365]
[859, 56]
[730, 185]
[714, 201]
[390, 522]
[789, 123]
[479, 433]
[185, 727]
[548, 365]
[89, 824]
[649, 264]
[612, 301]
[67, 846]
[681, 232]
[186, 727]
[665, 248]
[493, 420]
[65, 846]
[340, 570]
[101, 809]
[170, 740]
[714, 195]
[550, 359]
[649, 260]
[232, 677]
[730, 179]
[49, 859]
[338, 570]
[359, 549]
[622, 286]
[259, 649]
[365, 543]
[475, 433]
[730, 178]
[548, 359]
[550, 357]
[258, 649]
[48, 859]
[511, 396]
[665, 242]
[384, 522]
[859, 47]
[117, 789]
[357, 549]
[535, 371]
[846, 60]
[681, 225]
[493, 413]
[179, 727]
[96, 809]
[357, 548]
[604, 301]
[178, 727]
[533, 371]
[859, 45]
[334, 570]
[95, 809]
[282, 622]
[255, 649]
[381, 522]
[592, 310]
[616, 286]
[359, 543]
[56, 846]
[677, 225]
[237, 665]
[511, 390]
[161, 740]
[859, 41]
[76, 824]
[535, 365]
[357, 543]
[170, 730]
[186, 714]
[310, 589]
[789, 110]
[714, 185]
[479, 420]
[533, 365]
[39, 859]
[89, 809]
[282, 616]
[612, 286]
[649, 249]
[38, 859]
[170, 727]
[649, 248]
[665, 232]
[37, 859]
[789, 107]
[38, 978]
[730, 286]
[170, 846]
[39, 978]
[208, 809]
[340, 677]
[413, 604]
[209, 809]
[475, 543]
[396, 622]
[978, 41]
[824, 195]
[338, 681]
[649, 371]
[859, 161]
[789, 232]
[340, 681]
[282, 740]
[479, 543]
[433, 589]
[357, 665]
[978, 45]
[548, 475]
[533, 475]
[612, 396]
[359, 649]
[200, 809]
[282, 727]
[185, 824]
[859, 150]
[420, 589]
[32, 978]
[201, 809]
[270, 740]
[186, 824]
[535, 475]
[441, 570]
[271, 740]
[334, 677]
[152, 859]
[533, 479]
[730, 282]
[396, 616]
[622, 390]
[592, 420]
[1004, 9]
[286, 727]
[36, 978]
[789, 225]
[1004, 10]
[479, 535]
[155, 859]
[649, 365]
[493, 522]
[37, 978]
[1004, 11]
[714, 301]
[338, 677]
[681, 334]
[479, 522]
[730, 271]
[23, 978]
[155, 846]
[730, 270]
[714, 286]
[260, 740]
[616, 384]
[396, 604]
[433, 570]
[179, 824]
[665, 338]
[381, 622]
[178, 824]
[612, 390]
[413, 589]
[340, 665]
[592, 413]
[493, 511]
[809, 195]
[264, 740]
[161, 846]
[616, 390]
[384, 622]
[357, 649]
[612, 381]
[371, 622]
[255, 740]
[186, 809]
[185, 809]
[170, 824]
[730, 264]
[390, 604]
[475, 522]
[789, 208]
[270, 727]
[381, 616]
[714, 282]
[612, 384]
[846, 150]
[259, 740]
[665, 334]
[789, 209]
[271, 727]
[258, 740]
[152, 846]
[511, 475]
[259, 727]
[310, 677]
[178, 809]
[978, 9]
[260, 727]
[649, 338]
[371, 616]
[365, 622]
[789, 195]
[714, 270]
[441, 543]
[255, 730]
[714, 271]
[161, 824]
[258, 727]
[381, 604]
[396, 589]
[789, 201]
[420, 570]
[441, 549]
[730, 260]
[479, 511]
[681, 310]
[550, 441]
[264, 727]
[248, 740]
[179, 809]
[978, 10]
[258, 730]
[592, 396]
[384, 604]
[249, 740]
[789, 200]
[978, 11]
[441, 548]
[259, 730]
[340, 649]
[730, 248]
[714, 264]
[677, 301]
[730, 249]
[170, 809]
[155, 824]
[357, 622]
[390, 589]
[249, 727]
[152, 824]
[441, 535]
[433, 543]
[117, 859]
[592, 384]
[237, 740]
[612, 365]
[255, 727]
[242, 740]
[549, 433]
[681, 301]
[859, 123]
[592, 390]
[413, 570]
[550, 433]
[371, 612]
[649, 334]
[548, 433]
[365, 616]
[359, 622]
[359, 612]
[161, 809]
[550, 420]
[381, 589]
[242, 727]
[255, 714]
[549, 420]
[357, 612]
[110, 859]
[365, 604]
[123, 846]
[493, 475]
[789, 179]
[548, 420]
[535, 433]
[248, 727]
[665, 310]
[186, 789]
[359, 616]
[371, 604]
[533, 441]
[789, 185]
[824, 150]
[714, 260]
[259, 714]
[357, 616]
[592, 381]
[384, 589]
[730, 242]
[232, 740]
[258, 714]
[493, 479]
[714, 249]
[441, 522]
[681, 282]
[550, 413]
[677, 286]
[543, 420]
[592, 371]
[117, 846]
[359, 604]
[730, 232]
[714, 248]
[549, 413]
[340, 622]
[152, 809]
[548, 413]
[357, 604]
[390, 570]
[338, 622]
[101, 859]
[371, 589]
[730, 237]
[789, 178]
[681, 286]
[533, 433]
[396, 570]
[665, 301]
[859, 107]
[225, 740]
[237, 727]
[155, 809]
[859, 105]
[1004, 96]
[511, 589]
[479, 622]
[730, 371]
[859, 242]
[255, 846]
[978, 123]
[681, 420]
[533, 570]
[592, 511]
[65, 1031]
[237, 859]
[548, 549]
[475, 622]
[357, 740]
[493, 604]
[677, 420]
[550, 548]
[67, 1031]
[371, 727]
[714, 384]
[665, 433]
[789, 310]
[550, 549]
[68, 1031]
[1004, 95]
[359, 740]
[570, 522]
[1082, 10]
[549, 543]
[365, 727]
[1082, 11]
[550, 543]
[1004, 89]
[270, 824]
[248, 846]
[681, 413]
[271, 824]
[809, 286]
[479, 616]
[714, 381]
[117, 978]
[730, 365]
[249, 846]
[264, 824]
[978, 110]
[242, 846]
[730, 359]
[789, 301]
[413, 677]
[441, 649]
[282, 809]
[1082, 9]
[548, 543]
[1031, 60]
[479, 612]
[475, 616]
[232, 859]
[846, 271]
[258, 859]
[390, 727]
[846, 270]
[1082, 37]
[310, 809]
[549, 570]
[260, 859]
[1082, 36]
[548, 570]
[259, 859]
[441, 677]
[543, 570]
[493, 622]
[511, 604]
[592, 522]
[1082, 32]
[255, 859]
[1004, 110]
[681, 433]
[730, 384]
[493, 616]
[1004, 105]
[249, 859]
[381, 727]
[589, 522]
[371, 740]
[730, 381]
[1004, 107]
[384, 727]
[301, 809]
[286, 824]
[264, 846]
[433, 677]
[714, 396]
[535, 570]
[259, 846]
[1082, 23]
[493, 612]
[101, 1004]
[365, 740]
[258, 846]
[714, 390]
[76, 1031]
[248, 859]
[282, 824]
[260, 846]
[441, 665]
[612, 522]
[310, 824]
[714, 420]
[592, 543]
[846, 286]
[543, 589]
[101, 1031]
[511, 622]
[155, 978]
[859, 271]
[1082, 48]
[152, 978]
[390, 740]
[1082, 49]
[282, 846]
[978, 150]
[479, 649]
[1082, 47]
[789, 340]
[859, 270]
[604, 522]
[95, 1031]
[730, 396]
[1082, 45]
[789, 338]
[592, 535]
[511, 616]
[96, 1031]
[1004, 123]
[714, 413]
[535, 589]
[384, 740]
[649, 475]
[533, 592]
[301, 824]
[533, 589]
[441, 681]
[1082, 41]
[789, 334]
[859, 264]
[511, 612]
[396, 727]
[1082, 38]
[550, 570]
[89, 1031]
[730, 390]
[1082, 39]
[381, 740]
[117, 1004]
[535, 616]
[68, 1082]
[730, 420]
[533, 616]
[340, 809]
[1082, 67]
[789, 359]
[117, 1031]
[170, 978]
[338, 809]
[535, 612]
[543, 604]
[846, 301]
[1082, 65]
[714, 433]
[420, 727]
[357, 789]
[1135, 11]
[533, 612]
[1135, 10]
[859, 286]
[622, 522]
[1135, 9]
[479, 665]
[334, 809]
[730, 413]
[550, 592]
[1082, 60]
[493, 649]
[859, 282]
[592, 549]
[110, 1031]
[592, 548]
[413, 727]
[475, 665]
[550, 589]
[535, 604]
[978, 161]
[616, 522]
[549, 589]
[1082, 56]
[107, 1031]
[533, 604]
[548, 589]
[105, 1031]
[396, 740]
[208, 824]
[612, 420]
[186, 846]
[511, 522]
[209, 824]
[441, 592]
[649, 384]
[809, 225]
[978, 56]
[357, 677]
[413, 622]
[32, 1004]
[493, 543]
[616, 420]
[665, 371]
[359, 677]
[310, 727]
[789, 248]
[178, 859]
[433, 604]
[789, 249]
[978, 60]
[859, 179]
[357, 681]
[649, 390]
[714, 310]
[549, 475]
[200, 824]
[359, 665]
[178, 846]
[420, 604]
[978, 47]
[550, 475]
[201, 824]
[612, 413]
[592, 433]
[179, 846]
[493, 533]
[237, 789]
[286, 740]
[48, 978]
[479, 548]
[1004, 23]
[49, 978]
[479, 549]
[493, 535]
[301, 727]
[550, 479]
[413, 616]
[170, 859]
[649, 381]
[441, 589]
[665, 365]
[789, 242]
[730, 301]
[185, 846]
[1004, 45]
[479, 570]
[824, 225]
[789, 260]
[433, 616]
[665, 384]
[259, 789]
[714, 334]
[371, 677]
[1004, 47]
[242, 809]
[310, 740]
[49, 1004]
[789, 264]
[441, 612]
[48, 1004]
[714, 338]
[681, 371]
[533, 522]
[433, 622]
[846, 209]
[665, 390]
[23, 1031]
[511, 543]
[714, 340]
[978, 76]
[859, 195]
[208, 846]
[1004, 37]
[232, 809]
[10, 1031]
[493, 548]
[301, 740]
[846, 195]
[730, 310]
[1004, 36]
[9, 1031]
[359, 681]
[1004, 39]
[493, 550]
[65, 978]
[38, 1004]
[11, 1031]
[493, 549]
[622, 420]
[365, 677]
[1004, 41]
[475, 570]
[612, 433]
[67, 978]
[186, 859]
[441, 604]
[649, 396]
[533, 511]
[255, 789]
[185, 859]
[258, 789]
[201, 846]
[237, 809]
[535, 511]
[68, 978]
[665, 381]
[681, 365]
[200, 846]
[242, 824]
[36, 1031]
[258, 809]
[340, 727]
[978, 89]
[859, 208]
[592, 475]
[677, 390]
[255, 809]
[1004, 60]
[730, 334]
[475, 589]
[543, 522]
[338, 727]
[681, 384]
[39, 1031]
[548, 522]
[730, 340]
[789, 282]
[549, 522]
[1004, 67]
[357, 714]
[479, 592]
[846, 225]
[681, 390]
[533, 535]
[37, 1031]
[259, 809]
[730, 338]
[859, 209]
[479, 589]
[38, 1031]
[260, 809]
[1004, 65]
[649, 420]
[249, 809]
[381, 677]
[548, 511]
[789, 270]
[200, 859]
[232, 824]
[535, 522]
[248, 809]
[441, 616]
[681, 381]
[649, 413]
[32, 1031]
[493, 570]
[441, 622]
[789, 271]
[511, 549]
[1004, 56]
[201, 859]
[550, 511]
[237, 824]
[334, 727]
[677, 384]
[665, 396]
[259, 824]
[535, 548]
[533, 550]
[978, 105]
[237, 846]
[479, 604]
[258, 824]
[533, 549]
[493, 589]
[649, 433]
[511, 570]
[533, 548]
[49, 1031]
[271, 809]
[340, 740]
[1004, 76]
[56, 1031]
[475, 612]
[357, 730]
[359, 727]
[550, 535]
[714, 371]
[978, 107]
[493, 592]
[665, 420]
[260, 824]
[535, 549]
[859, 225]
[357, 727]
[789, 286]
[334, 740]
[96, 978]
[249, 824]
[264, 809]
[978, 95]
[714, 359]
[396, 677]
[41, 1031]
[550, 522]
[248, 824]
[68, 1004]
[255, 824]
[270, 809]
[48, 1031]
[101, 978]
[714, 365]
[475, 604]
[47, 1031]
[535, 543]
[338, 740]
[232, 846]
[665, 413]
[681, 396]
[533, 543]
[1031, 45]
[23, 1198]
[493, 727]
[978, 242]
[396, 824]
[677, 543]
[616, 604]
[493, 730]
[789, 433]
[413, 809]
[186, 1031]
[371, 846]
[535, 681]
[612, 604]
[185, 1031]
[357, 859]
[649, 570]
[479, 740]
[359, 859]
[1004, 225]
[420, 809]
[548, 681]
[612, 616]
[1135, 96]
[550, 681]
[200, 1031]
[32, 1198]
[441, 789]
[1135, 95]
[549, 681]
[371, 859]
[384, 846]
[511, 714]
[548, 677]
[1135, 89]
[681, 543]
[859, 365]
[249, 978]
[550, 677]
[381, 846]
[248, 978]
[549, 677]
[622, 604]
[195, 1031]
[1004, 232]
[714, 522]
[38, 1198]
[1135, 101]
[258, 978]
[846, 390]
[39, 1198]
[413, 824]
[259, 978]
[1082, 155]
[511, 727]
[260, 978]
[616, 622]
[649, 589]
[41, 1198]
[208, 1031]
[201, 1031]
[1082, 150]
[255, 978]
[493, 740]
[36, 1198]
[612, 622]
[152, 1082]
[37, 1198]
[665, 570]
[420, 824]
[1198, 47]
[1135, 110]
[1004, 242]
[48, 1198]
[533, 714]
[677, 570]
[49, 1198]
[1135, 105]
[209, 1031]
[381, 859]
[730, 511]
[237, 1004]
[592, 649]
[1135, 107]
[433, 809]
[978, 264]
[396, 846]
[1198, 45]
[859, 384]
[1082, 161]
[396, 859]
[56, 1198]
[665, 589]
[1004, 249]
[649, 604]
[1004, 248]
[730, 522]
[1135, 117]
[170, 1082]
[511, 740]
[681, 570]
[441, 809]
[522, 727]
[978, 271]
[535, 714]
[859, 390]
[978, 270]
[533, 730]
[714, 549]
[259, 1004]
[65, 1198]
[232, 1031]
[522, 740]
[548, 714]
[258, 1004]
[535, 727]
[649, 612]
[1082, 179]
[533, 727]
[978, 282]
[1082, 178]
[255, 1004]
[413, 846]
[1135, 123]
[1198, 60]
[433, 824]
[714, 543]
[592, 665]
[225, 1031]
[543, 727]
[681, 589]
[649, 622]
[479, 789]
[1004, 264]
[237, 1031]
[186, 1082]
[592, 677]
[665, 604]
[68, 1198]
[677, 589]
[846, 420]
[1082, 185]
[789, 475]
[550, 714]
[978, 286]
[1004, 260]
[441, 824]
[730, 535]
[67, 1198]
[649, 616]
[730, 548]
[730, 549]
[978, 301]
[248, 1031]
[859, 420]
[433, 846]
[549, 727]
[550, 727]
[665, 612]
[1082, 195]
[1004, 270]
[76, 1198]
[1004, 271]
[548, 727]
[535, 740]
[413, 859]
[533, 740]
[730, 543]
[242, 1031]
[592, 681]
[549, 604]
[413, 740]
[548, 604]
[475, 677]
[533, 622]
[612, 543]
[441, 714]
[789, 365]
[550, 604]
[123, 1031]
[1004, 150]
[535, 622]
[978, 179]
[310, 846]
[475, 681]
[479, 677]
[152, 1004]
[978, 178]
[589, 570]
[616, 543]
[155, 1004]
[334, 824]
[1135, 23]
[1082, 76]
[493, 665]
[549, 612]
[789, 371]
[548, 612]
[859, 301]
[479, 681]
[511, 649]
[433, 727]
[420, 740]
[730, 433]
[185, 978]
[592, 570]
[550, 612]
[338, 824]
[549, 616]
[543, 622]
[1004, 161]
[548, 616]
[340, 824]
[186, 978]
[1135, 32]
[357, 809]
[550, 616]
[359, 809]
[441, 727]
[310, 859]
[789, 381]
[548, 622]
[493, 677]
[649, 522]
[1135, 36]
[549, 622]
[1082, 89]
[441, 730]
[1135, 37]
[550, 622]
[978, 195]
[789, 384]
[1135, 38]
[433, 740]
[1135, 39]
[604, 570]
[365, 809]
[493, 681]
[170, 1004]
[1135, 41]
[511, 665]
[1082, 95]
[1082, 96]
[200, 978]
[789, 390]
[201, 978]
[1135, 45]
[371, 809]
[334, 846]
[357, 824]
[150, 1031]
[592, 589]
[441, 740]
[533, 649]
[1135, 47]
[612, 570]
[1004, 178]
[1135, 48]
[359, 824]
[152, 1031]
[1082, 101]
[1004, 179]
[978, 209]
[665, 522]
[1082, 105]
[978, 208]
[616, 570]
[340, 846]
[155, 1031]
[789, 396]
[1135, 49]
[535, 649]
[338, 846]
[1135, 56]
[381, 809]
[186, 1004]
[365, 824]
[1082, 107]
[185, 1004]
[714, 475]
[511, 677]
[1135, 60]
[371, 824]
[384, 809]
[859, 334]
[604, 589]
[479, 714]
[622, 570]
[649, 543]
[161, 1031]
[1082, 110]
[511, 681]
[1004, 195]
[677, 522]
[390, 809]
[550, 649]
[340, 859]
[1082, 117]
[533, 665]
[549, 649]
[548, 649]
[338, 859]
[592, 604]
[475, 727]
[789, 413]
[1135, 67]
[978, 225]
[681, 522]
[68, 1135]
[357, 846]
[1135, 65]
[535, 665]
[612, 589]
[170, 1031]
[479, 727]
[493, 714]
[9, 1198]
[592, 612]
[1004, 200]
[730, 475]
[396, 809]
[381, 824]
[616, 589]
[1082, 123]
[359, 846]
[201, 1004]
[232, 978]
[533, 677]
[179, 1031]
[1135, 76]
[622, 589]
[365, 846]
[10, 1198]
[384, 824]
[665, 543]
[592, 616]
[789, 420]
[11, 1198]
[178, 1031]
[479, 730]
[533, 681]
[549, 665]
[390, 824]
[592, 622]
[237, 978]
[550, 665]
[475, 740]
[1004, 208]
[535, 677]
[1004, 209]
[548, 665]
[101, 1274]
[1004, 371]
[550, 824]
[396, 978]
[549, 824]
[1135, 237]
[548, 824]
[340, 1031]
[96, 1274]
[511, 859]
[338, 1031]
[95, 1274]
[1004, 365]
[846, 522]
[1082, 286]
[978, 390]
[170, 1198]
[1135, 232]
[543, 824]
[334, 1031]
[1082, 282]
[1274, 89]
[359, 1004]
[714, 649]
[622, 740]
[978, 384]
[357, 1004]
[1135, 225]
[549, 809]
[681, 677]
[789, 570]
[550, 809]
[535, 824]
[978, 381]
[161, 1198]
[616, 740]
[548, 809]
[533, 824]
[511, 846]
[543, 809]
[1082, 270]
[612, 740]
[730, 622]
[493, 859]
[1082, 271]
[155, 1198]
[76, 1274]
[152, 1198]
[1198, 150]
[622, 727]
[371, 978]
[824, 522]
[1082, 264]
[730, 616]
[665, 681]
[1135, 209]
[535, 809]
[340, 1004]
[604, 740]
[789, 616]
[1135, 270]
[665, 740]
[677, 727]
[1198, 209]
[548, 859]
[730, 677]
[208, 1198]
[1135, 271]
[789, 612]
[592, 809]
[1004, 396]
[859, 543]
[371, 1031]
[1274, 123]
[550, 846]
[365, 1031]
[1135, 264]
[201, 1198]
[589, 809]
[978, 420]
[200, 1198]
[1198, 195]
[789, 604]
[258, 1135]
[533, 859]
[1082, 310]
[665, 727]
[549, 846]
[1135, 260]
[714, 681]
[730, 665]
[548, 846]
[570, 824]
[1135, 259]
[535, 859]
[1004, 390]
[357, 1031]
[1004, 384]
[543, 846]
[649, 740]
[255, 1135]
[359, 1031]
[117, 1274]
[413, 978]
[714, 677]
[1135, 249]
[110, 1274]
[186, 1198]
[1004, 381]
[859, 522]
[592, 789]
[535, 846]
[1274, 107]
[1135, 248]
[1082, 301]
[185, 1198]
[649, 727]
[178, 1198]
[1135, 242]
[179, 1198]
[789, 589]
[533, 846]
[570, 809]
[1274, 105]
[730, 649]
[714, 665]
[1082, 225]
[32, 1274]
[592, 714]
[170, 1135]
[1004, 301]
[1198, 107]
[37, 1274]
[789, 522]
[36, 1274]
[570, 740]
[110, 1198]
[475, 824]
[677, 622]
[101, 1198]
[570, 727]
[23, 1274]
[681, 616]
[1135, 161]
[479, 824]
[681, 622]
[714, 589]
[1198, 105]
[271, 1031]
[493, 809]
[270, 1031]
[789, 511]
[730, 570]
[441, 859]
[1135, 155]
[550, 740]
[1004, 286]
[259, 1031]
[1082, 208]
[260, 1031]
[1082, 209]
[310, 978]
[479, 809]
[548, 740]
[549, 740]
[258, 1031]
[612, 677]
[96, 1198]
[264, 1031]
[859, 433]
[681, 612]
[677, 616]
[95, 1198]
[493, 789]
[1082, 200]
[9, 1274]
[543, 740]
[1082, 201]
[550, 730]
[249, 1031]
[665, 616]
[677, 604]
[1004, 282]
[255, 1031]
[152, 1135]
[665, 622]
[89, 1198]
[441, 846]
[714, 570]
[475, 809]
[10, 1274]
[1135, 150]
[11, 1274]
[681, 604]
[789, 548]
[255, 1082]
[359, 978]
[1135, 201]
[714, 622]
[550, 789]
[65, 1274]
[612, 727]
[493, 846]
[789, 549]
[1004, 334]
[479, 859]
[310, 1031]
[1082, 259]
[67, 1274]
[258, 1082]
[1135, 208]
[616, 727]
[978, 365]
[533, 809]
[1082, 260]
[68, 1274]
[1004, 338]
[730, 612]
[665, 677]
[589, 740]
[809, 522]
[1082, 249]
[604, 727]
[1135, 195]
[56, 1274]
[714, 616]
[1082, 248]
[649, 681]
[789, 543]
[301, 1031]
[592, 740]
[1135, 200]
[511, 824]
[357, 978]
[1274, 60]
[475, 859]
[730, 604]
[1135, 185]
[511, 809]
[1274, 47]
[186, 1135]
[475, 846]
[123, 1198]
[533, 789]
[48, 1274]
[592, 730]
[49, 1274]
[535, 789]
[1082, 242]
[479, 846]
[714, 612]
[649, 677]
[38, 1274]
[978, 334]
[39, 1274]
[1135, 178]
[282, 1031]
[1004, 310]
[1135, 179]
[1082, 232]
[649, 665]
[41, 1274]
[117, 1198]
[338, 978]
[589, 727]
[493, 824]
[286, 1031]
[340, 978]
[714, 604]
[1274, 45]
[730, 589]
[1082, 237]
[592, 727]
[1135, 359]
[1082, 413]
[649, 846]
[357, 1135]
[681, 809]
[511, 978]
[665, 824]
[1082, 420]
[789, 714]
[978, 522]
[1135, 365]
[677, 824]
[1198, 301]
[1274, 225]
[493, 1004]
[1004, 475]
[1082, 396]
[1135, 340]
[859, 616]
[201, 1274]
[665, 809]
[200, 1274]
[1135, 338]
[649, 824]
[441, 1031]
[1082, 390]
[677, 809]
[1198, 286]
[1274, 209]
[479, 1004]
[208, 1274]
[859, 622]
[282, 1198]
[493, 1031]
[665, 859]
[1135, 390]
[1004, 522]
[548, 978]
[549, 978]
[681, 846]
[978, 543]
[248, 1274]
[714, 809]
[441, 1082]
[677, 846]
[249, 1274]
[258, 1274]
[334, 1198]
[259, 1274]
[260, 1274]
[550, 978]
[789, 740]
[255, 1274]
[1135, 396]
[310, 1198]
[649, 859]
[533, 978]
[665, 846]
[237, 1274]
[479, 1031]
[681, 824]
[1135, 371]
[475, 1031]
[232, 1274]
[789, 727]
[1135, 381]
[242, 1274]
[730, 789]
[1135, 384]
[535, 978]
[511, 1004]
[1082, 433]
[152, 1274]
[396, 1031]
[1274, 150]
[1004, 420]
[616, 809]
[232, 1198]
[622, 809]
[604, 824]
[859, 570]
[155, 1274]
[237, 1198]
[846, 589]
[161, 1274]
[789, 649]
[592, 846]
[357, 1082]
[1135, 301]
[612, 824]
[1004, 433]
[789, 622]
[730, 681]
[978, 433]
[550, 859]
[549, 859]
[681, 727]
[384, 1031]
[604, 809]
[589, 824]
[381, 1031]
[441, 978]
[1135, 282]
[1004, 413]
[677, 740]
[846, 570]
[592, 824]
[1082, 334]
[1198, 225]
[1082, 340]
[612, 809]
[1135, 286]
[390, 1031]
[681, 740]
[1082, 338]
[258, 1198]
[730, 727]
[259, 1198]
[479, 978]
[649, 809]
[260, 1198]
[612, 846]
[185, 1274]
[186, 1274]
[264, 1198]
[616, 846]
[859, 604]
[1082, 381]
[433, 1031]
[789, 677]
[1082, 384]
[727, 740]
[270, 1198]
[846, 622]
[1135, 334]
[1198, 271]
[1274, 195]
[730, 740]
[789, 681]
[493, 978]
[612, 859]
[714, 727]
[1082, 359]
[242, 1198]
[616, 824]
[1135, 310]
[441, 1004]
[730, 714]
[413, 1031]
[170, 1274]
[249, 1198]
[1082, 365]
[248, 1198]
[622, 824]
[859, 589]
[420, 1031]
[592, 859]
[846, 604]
[255, 1198]
[475, 978]
[1082, 371]
[179, 1274]
[178, 1274]
[714, 740]
[789, 665]
[612, 1031]
[665, 978]
[1135, 511]
[616, 1031]
[371, 1274]
[789, 846]
[604, 1031]
[550, 1082]
[809, 824]
[359, 1274]
[365, 1274]
[441, 1198]
[681, 978]
[384, 1274]
[1135, 522]
[789, 859]
[846, 809]
[381, 1274]
[978, 677]
[622, 1031]
[649, 1004]
[1082, 570]
[334, 1274]
[1004, 604]
[1135, 475]
[413, 1198]
[338, 1274]
[789, 824]
[479, 1135]
[340, 1274]
[533, 1082]
[978, 622]
[570, 1031]
[1082, 522]
[1082, 543]
[649, 978]
[1004, 622]
[493, 1135]
[1082, 549]
[357, 1274]
[433, 1198]
[1082, 548]
[1082, 535]
[1004, 612]
[1198, 420]
[1004, 616]
[589, 1031]
[592, 1031]
[978, 604]
[384, 1198]
[549, 1031]
[550, 1031]
[548, 1031]
[381, 1198]
[441, 1135]
[730, 846]
[1004, 570]
[543, 1031]
[1274, 301]
[493, 1082]
[714, 859]
[846, 727]
[592, 978]
[1135, 433]
[371, 1198]
[859, 740]
[789, 809]
[592, 1004]
[978, 616]
[396, 1198]
[1004, 589]
[1082, 511]
[612, 978]
[730, 859]
[1198, 390]
[859, 727]
[846, 740]
[310, 1274]
[1135, 413]
[978, 570]
[809, 740]
[824, 727]
[1274, 270]
[1274, 271]
[1004, 543]
[681, 859]
[511, 1031]
[809, 727]
[338, 1198]
[859, 677]
[533, 1004]
[714, 824]
[264, 1274]
[340, 1198]
[730, 809]
[535, 1004]
[533, 1031]
[824, 740]
[978, 589]
[535, 1031]
[479, 1082]
[1274, 286]
[714, 846]
[365, 1198]
[1082, 475]
[359, 1198]
[282, 1274]
[522, 1031]
[549, 1004]
[548, 1004]
[1135, 420]
[357, 1198]
[550, 1004]
[730, 824]
[1082, 681]
[730, 1031]
[789, 978]
[493, 1274]
[740, 1031]
[1198, 570]
[978, 809]
[1198, 589]
[1135, 649]
[511, 1274]
[592, 1198]
[1004, 727]
[533, 1198]
[1082, 649]
[535, 1198]
[730, 1004]
[1135, 604]
[543, 1198]
[1004, 740]
[714, 1031]
[548, 1198]
[1135, 612]
[549, 1198]
[1082, 665]
[550, 1198]
[475, 1274]
[1135, 616]
[479, 1274]
[1135, 622]
[727, 1031]
[1082, 677]
[1082, 616]
[665, 1031]
[511, 1198]
[730, 978]
[677, 1031]
[433, 1274]
[978, 727]
[1135, 570]
[859, 846]
[1082, 622]
[714, 1004]
[978, 740]
[441, 1274]
[681, 1031]
[592, 1135]
[1135, 589]
[1198, 522]
[1004, 665]
[533, 1135]
[859, 809]
[1082, 589]
[1135, 535]
[846, 824]
[396, 1274]
[1274, 390]
[479, 1198]
[1135, 543]
[475, 1198]
[592, 1082]
[1135, 549]
[550, 1135]
[1004, 681]
[1082, 604]
[413, 1274]
[649, 1031]
[1004, 677]
[1135, 548]
[859, 824]
[714, 978]
[1082, 612]
[1274, 420]
[493, 1198]
[714, 1198]
[1082, 824]
[1274, 622]
[616, 1274]
[859, 1031]
[1082, 809]
[612, 1274]
[1135, 740]
[677, 1198]
[681, 1198]
[1274, 604]
[846, 1031]
[592, 1274]
[1135, 730]
[1082, 789]
[1135, 727]
[1004, 859]
[1274, 589]
[665, 1198]
[824, 1031]
[1135, 714]
[1004, 846]
[1274, 570]
[649, 1198]
[809, 1031]
[978, 859]
[1004, 824]
[550, 1274]
[978, 846]
[549, 1274]
[548, 1274]
[1082, 740]
[789, 1031]
[622, 1198]
[543, 1274]
[1135, 681]
[616, 1198]
[1004, 809]
[1135, 677]
[1082, 730]
[612, 1198]
[535, 1274]
[1082, 727]
[533, 1274]
[978, 824]
[1198, 604]
[1135, 665]
[1274, 522]
[1082, 714]
[789, 1004]
[1004, 1031]
[846, 1198]
[1198, 824]
[1274, 727]
[1198, 809]
[730, 1274]
[978, 1031]
[1274, 740]
[789, 1198]
[714, 1274]
[1135, 859]
[1135, 846]
[1004, 978]
[1135, 824]
[681, 1274]
[1082, 859]
[1198, 740]
[665, 1274]
[677, 1274]
[1135, 809]
[1198, 727]
[1135, 789]
[649, 1274]
[730, 1198]
[1082, 846]
[1004, 1198]
[978, 1198]
[1198, 1031]
[1082, 1135]
[978, 1274]
[1082, 1198]
[1004, 1274]
[859, 1198]
[1082, 978]
[789, 1274]
[1274, 824]
[1274, 809]
[1082, 1004]
[859, 1274]
[1135, 1004]
[1135, 978]
[1082, 1031]
[1274, 846]
[1135, 1031]
[1274, 1198]
[1274, 1031]
[1135, 1198]
[1082, 1274]
[1135, 1274]
