Number of itemsets: 103
Computation time: 2064942143 Nano seconds

[38, 39, 740]
[48, 36, 740]
[48, 39, 740]
[48, 38, 740]
[170, 48, 41]
[170, 48, 38]
[170, 48, 39]
[48, 39, 475]
[38, 36, 740]
[39, 36, 740]
[441, 38, 39]
[441, 48, 38]
[441, 48, 39]
[255, 48, 39]
[535, 39, 41]
[48, 248, 41]
[533, 39, 41]
[535, 48, 39]
[533, 48, 41]
[533, 48, 39]
[255, 48, 41]
[237, 48, 39]
[535, 48, 41]
[548, 48, 39]
[255, 39, 41]
[48, 39, 248]
[39, 248, 41]
[550, 48, 39]
[48, 39, 242]
[48, 39, 286]
[48, 38, 286]
[32, 38, 41]
[32, 38, 39]
[32, 48, 39]
[38, 39, 41]
[32, 48, 38]
[39, 37, 41]
[39, 36, 41]
[38, 37, 41]
[38, 36, 41]
[38, 39, 37]
[38, 39, 36]
[32, 39, 41]
[48, 38, 41]
[48, 37, 41]
[48, 36, 41]
[48, 38, 39]
[48, 39, 37]
[38, 39, 47]
[48, 38, 37]
[48, 39, 36]
[48, 38, 36]
[32, 48, 41]
[38, 39, 286]
[49, 48, 39]
[38, 39, 604]
[592, 48, 39]
[48, 39, 41]
[48, 39, 589]
[38, 39, 56]
[48, 38, 47]
[48, 38, 589]
[48, 39, 45]
[48, 39, 47]
[48, 65, 39]
[48, 38, 604]
[48, 39, 604]
[39, 41, 89]
[38, 41, 89]
[48, 38, 89]
[38, 39, 89]
[48, 39, 824]
[38, 39, 110]
[38, 41, 105]
[39, 41, 105]
[39, 110, 41]
[38, 39, 589]
[48, 101, 39]
[38, 110, 41]
[48, 41, 89]
[48, 39, 89]
[38, 39, 105]
[48, 39, 334]
[48, 39, 570]
[48, 39, 809]
[48, 39, 110]
[48, 38, 110]
[48, 110, 41]
[48, 677, 41]
[48, 39, 677]
[38, 39, 371]
[39, 677, 41]
[38, 39, 161]
[155, 38, 39]
[170, 39, 41]
[170, 32, 48]
[170, 38, 41]
[170, 38, 39]
[48, 155, 39]
[170, 32, 41]
[170, 32, 38]
[48, 155, 38]
[170, 32, 39]
