Number of itemsets: 129
Computation time: 592705067 Nano seconds

[237, 39] : 7
[39, 242] : 4
[39, 248] : 6
[237, 48] : 6
[533, 41] : 5
[535, 39] : 6
[533, 39] : 4
[479, 39] : 4
[48, 740] : 4
[475, 39] : 7
[39, 271] : 4
[48, 475] : 8
[39, 249] : 4
[248, 41] : 5
[48, 242] : 4
[39, 9] : 4
[255, 39] : 8
[255, 41] : 5
[48, 248] : 4
[259, 39] : 4
[38, 740] : 7
[39, 740] : 7
[36, 740] : 4
[39, 264] : 4
[255, 48] : 11
[32, 38] : 12
[39, 570] : 4
[32, 39] : 22
[48, 570] : 4
[39, 37] : 4
[38, 39] : 69
[36, 41] : 9
[37, 41] : 4
[38, 41] : 40
[32, 41] : 15
[38, 36] : 22
[38, 37] : 7
[39, 36] : 14
[38, 589] : 4
[48, 37] : 5
[38, 47] : 5
[48, 36] : 11
[39, 45] : 5
[48, 39] : 147
[38, 286] : 6
[39, 47] : 4
[48, 38] : 51
[39, 286] : 4
[592, 39] : 4
[39, 41] : 77
[32, 48] : 17
[39, 589] : 4
[48, 824] : 4
[48, 45] : 4
[48, 286] : 4
[48, 47] : 4
[39, 56] : 4
[38, 56] : 4
[48, 41] : 55
[49, 39] : 7
[48, 589] : 4
[535, 41] : 4
[39, 334] : 4
[39, 809] : 5
[533, 48] : 5
[39, 60] : 4
[535, 48] : 4
[49, 48] : 7
[340, 41] : 5
[48, 809] : 6
[548, 39] : 4
[48, 334] : 4
[39, 824] : 5
[550, 39] : 4
[65, 39] : 6
[548, 48] : 4
[48, 65] : 6
[789, 48] : 5
[550, 48] : 4
[38, 89] : 6
[48, 89] : 11
[39, 371] : 4
[38, 371] : 5
[101, 39] : 5
[38, 105] : 7
[39, 89] : 11
[41, 89] : 6
[39, 95] : 4
[357, 48] : 4
[48, 110] : 6
[48, 96] : 4
[39, 105] : 7
[41, 105] : 4
[38, 110] : 16
[101, 48] : 6
[39, 110] : 10
[649, 39] : 4
[110, 41] : 11
[48, 123] : 5
[48, 604] : 4
[592, 48] : 4
[39, 604] : 4
[38, 604] : 4
[48, 381] : 4
[38, 390] : 4
[39, 150] : 4
[39, 384] : 4
[441, 38] : 4
[39, 161] : 7
[155, 48] : 6
[170, 32] : 4
[38, 161] : 4
[155, 38] : 4
[155, 39] : 7
[39, 178] : 4
[170, 48] : 13
[714, 39] : 4
[170, 38] : 25
[170, 39] : 15
[170, 41] : 8
[39, 677] : 7
[39, 195] : 4
[677, 41] : 4
[665, 39] : 4
[48, 179] : 4
[441, 48] : 6
[39, 208] : 4
[48, 677] : 6
[441, 39] : 6
