Number of itemsets: 70
Computation time: 13269018 Nano seconds

[49, 48, 39] : 7
[38, 39, 740] : 6
[592, 48, 39] : 4
[48, 39, 41] : 47
[38, 39, 56] : 4
[48, 38, 47] : 4
[48, 39, 45] : 4
[48, 39, 740] : 4
[48, 65, 39] : 5
[170, 48, 41] : 4
[170, 48, 38] : 13
[170, 48, 39] : 8
[48, 39, 475] : 7
[38, 36, 740] : 4
[39, 41, 89] : 6
[38, 41, 89] : 4
[48, 38, 89] : 5
[38, 39, 89] : 5
[48, 39, 824] : 4
[38, 39, 110] : 10
[39, 41, 105] : 4
[39, 110, 41] : 8
[441, 48, 39] : 5
[48, 101, 39] : 4
[38, 110, 41] : 10
[48, 41, 89] : 5
[48, 39, 89] : 9
[38, 39, 105] : 6
[48, 39, 570] : 4
[48, 39, 809] : 5
[255, 48, 39] : 6
[535, 39, 41] : 4
[48, 39, 110] : 5
[48, 38, 110] : 6
[48, 110, 41] : 5
[533, 48, 41] : 4
[237, 48, 39] : 6
[48, 39, 677] : 5
[48, 39, 248] : 4
[550, 48, 39] : 4
[39, 248, 41] : 4
[38, 39, 371] : 4
[48, 39, 286] : 4
[38, 39, 161] : 4
[48, 38, 286] : 4
[32, 38, 41] : 5
[32, 38, 39] : 9
[32, 48, 39] : 13
[32, 48, 38] : 5
[38, 39, 41] : 30
[38, 37, 41] : 4
[39, 36, 41] : 6
[170, 39, 41] : 6
[38, 36, 41] : 9
[38, 39, 37] : 4
[38, 39, 36] : 14
[170, 38, 41] : 8
[32, 39, 41] : 10
[48, 38, 41] : 21
[170, 38, 39] : 15
[48, 36, 41] : 5
[48, 38, 39] : 36
[38, 39, 47] : 4
[48, 155, 39] : 5
[48, 38, 37] : 5
[48, 39, 36] : 6
[48, 38, 36] : 11
[170, 32, 38] : 4
[32, 48, 41] : 8
[38, 39, 286] : 4
