Number of itemsets: 199
Computation time: 1964043618 Nano seconds

[48, 1004, 39]
[479, 48, 39]
[48, 39, 475]
[441, 38, 39]
[441, 48, 38]
[441, 38, 41]
[441, 39, 41]
[441, 48, 39]
[441, 48, 41]
[533, 38, 39]
[956, 39, 41]
[535, 38, 41]
[535, 39, 41]
[533, 38, 41]
[535, 38, 39]
[533, 32, 48]
[533, 39, 41]
[48, 952, 39]
[548, 32, 38]
[533, 48, 38]
[548, 32, 39]
[533, 48, 41]
[535, 48, 39]
[533, 48, 39]
[548, 32, 41]
[535, 48, 38]
[548, 38, 41]
[548, 38, 39]
[535, 48, 41]
[48, 39, 543]
[548, 32, 48]
[548, 39, 41]
[548, 48, 39]
[548, 48, 38]
[550, 48, 39]
[548, 48, 41]
[48, 39, 11]
[493, 48, 39]
[48, 39, 9]
[495, 48, 39]
[32, 38, 41]
[32, 38, 39]
[32, 48, 39]
[32, 48, 38]
[38, 39, 41]
[39, 37, 41]
[39, 36, 41]
[38, 37, 41]
[38, 36, 41]
[38, 39, 37]
[38, 39, 36]
[32, 39, 41]
[48, 38, 41]
[49, 38, 39]
[48, 37, 41]
[48, 38, 39]
[48, 36, 41]
[533, 32, 38]
[48, 39, 37]
[38, 39, 47]
[48, 39, 36]
[48, 38, 37]
[48, 38, 36]
[533, 32, 39]
[32, 48, 41]
[533, 32, 41]
[49, 48, 39]
[39, 41, 60]
[38, 39, 604]
[593, 48, 39]
[592, 48, 39]
[48, 39, 41]
[48, 39, 589]
[38, 39, 56]
[48, 38, 47]
[48, 38, 589]
[48, 39, 45]
[49, 48, 38]
[48, 39, 47]
[48, 65, 39]
[48, 1146, 39]
[48, 39, 60]
[48, 38, 604]
[48, 39, 604]
[48, 41, 60]
[39, 41, 89]
[38, 41, 89]
[48, 38, 89]
[48, 39, 561]
[39, 41, 570]
[48, 561, 41]
[39, 561, 41]
[38, 39, 89]
[38, 39, 110]
[38, 41, 105]
[39, 41, 105]
[39, 110, 41]
[38, 39, 589]
[48, 101, 39]
[38, 110, 41]
[48, 41, 89]
[48, 39, 89]
[48, 39, 95]
[38, 39, 105]
[48, 39, 96]
[48, 39, 570]
[68, 48, 67]
[48, 41, 570]
[48, 39, 110]
[48, 38, 110]
[48, 110, 41]
[48, 649, 39]
[48, 677, 41]
[48, 39, 677]
[48, 665, 39]
[48, 39, 123]
[39, 677, 41]
[152, 48, 39]
[38, 39, 161]
[48, 39, 150]
[155, 38, 39]
[48, 161, 41]
[170, 32, 48]
[170, 39, 41]
[48, 39, 161]
[32, 39, 178]
[170, 38, 41]
[48, 38, 161]
[170, 38, 39]
[48, 155, 39]
[170, 32, 41]
[38, 161, 41]
[170, 32, 38]
[39, 161, 41]
[48, 155, 38]
[170, 32, 39]
[39, 41, 740]
[186, 48, 39]
[38, 39, 740]
[36, 41, 740]
[730, 48, 39]
[38, 41, 740]
[39, 739, 41]
[48, 41, 740]
[48, 739, 41]
[48, 200, 39]
[48, 36, 740]
[48, 39, 740]
[48, 39, 739]
[48, 38, 740]
[170, 48, 41]
[170, 48, 38]
[170, 48, 39]
[48, 39, 179]
[38, 36, 740]
[39, 36, 740]
[48, 39, 723]
[48, 155, 589]
[155, 38, 589]
[155, 39, 589]
[255, 48, 39]
[255, 48, 38]
[48, 248, 41]
[38, 39, 271]
[48, 39, 260]
[255, 48, 41]
[237, 48, 39]
[790, 38, 39]
[790, 38, 41]
[790, 39, 41]
[255, 38, 41]
[48, 39, 248]
[255, 39, 41]
[255, 38, 39]
[48, 39, 246]
[789, 48, 39]
[39, 248, 41]
[48, 39, 242]
[48, 39, 286]
[48, 38, 286]
[38, 39, 281]
[48, 278, 39]
[38, 39, 286]
[48, 39, 859]
[48, 39, 1433]
[357, 48, 39]
[357, 48, 41]
[1153, 1154, 39]
[357, 39, 41]
[48, 39, 824]
[39, 348, 41]
[789, 48, 67]
[48, 39, 334]
[48, 39, 809]
[48, 39, 381]
[38, 41, 390]
[38, 39, 371]
[48, 101, 824]
[101, 39, 824]
