Number of itemsets: 42
Computation time: 86232200 Nano seconds

[48, 38, 39, 286]
[38, 39, 41, 89]
[170, 32, 38, 39]
[441, 38, 39, 41]
[155, 48, 38, 39]
[441, 48, 38, 39]
[48, 38, 39, 740]
[38, 39, 36, 41]
[48, 39, 739, 41]
[38, 39, 37, 41]
[38, 39, 41, 105]
[48, 39, 41, 570]
[48, 38, 41, 89]
[48, 39, 41, 89]
[32, 48, 38, 39]
[32, 48, 38, 41]
[48, 38, 39, 89]
[32, 38, 39, 41]
[48, 39, 561, 41]
[48, 39, 110, 41]
[48, 38, 110, 41]
[48, 38, 39, 110]
[38, 39, 36, 740]
[48, 38, 39, 47]
[48, 38, 36, 41]
[48, 38, 39, 37]
[38, 39, 41, 740]
[48, 38, 39, 36]
[32, 48, 39, 41]
[38, 39, 110, 41]
[48, 39, 248, 41]
[48, 38, 39, 41]
[48, 39, 37, 41]
[48, 39, 36, 41]
[48, 38, 37, 41]
[170, 38, 39, 41]
[790, 38, 39, 41]
[170, 48, 38, 39]
[357, 48, 39, 41]
[533, 48, 39, 41]
[170, 48, 38, 41]
[170, 48, 39, 41]
