Number of itemsets: 259
Computation time: 1727101475 Nano seconds

[533, 32] : 3
[533, 41] : 5
[535, 39] : 6
[535, 38] : 3
[48, 1062] : 3
[533, 39] : 4
[533, 38] : 3
[479, 39] : 4
[1082, 48] : 3
[475, 39] : 7
[479, 48] : 3
[48, 475] : 8
[39, 11] : 3
[493, 39] : 3
[39, 9] : 4
[495, 39] : 3
[48, 11] : 3
[493, 48] : 3
[48, 9] : 3
[495, 48] : 3
[504, 38] : 3
[41, 570] : 3
[32, 38] : 12
[32, 39] : 22
[48, 23] : 3
[39, 570] : 4
[48, 561] : 3
[39, 37] : 4
[48, 570] : 4
[36, 41] : 9
[38, 39] : 69
[37, 41] : 4
[38, 41] : 40
[32, 41] : 15
[38, 36] : 22
[38, 37] : 7
[39, 36] : 14
[38, 47] : 5
[48, 37] : 5
[38, 589] : 4
[39, 45] : 5
[48, 36] : 11
[49, 38] : 3
[48, 39] : 147
[38, 587] : 3
[48, 38] : 51
[39, 47] : 4
[592, 39] : 4
[48, 1004] : 3
[39, 41] : 77
[32, 48] : 17
[39, 589] : 4
[48, 45] : 4
[55, 38] : 3
[1004, 39] : 3
[48, 47] : 4
[39, 56] : 4
[38, 56] : 4
[593, 39] : 3
[48, 41] : 55
[49, 39] : 7
[48, 589] : 4
[535, 41] : 4
[41, 60] : 3
[32, 548] : 3
[39, 60] : 4
[533, 48] : 5
[39, 543] : 3
[49, 48] : 7
[535, 48] : 4
[48, 60] : 3
[548, 38] : 3
[548, 39] : 4
[550, 39] : 4
[548, 41] : 3
[65, 39] : 6
[48, 543] : 3
[39, 79] : 3
[68, 48] : 3
[48, 67] : 3
[548, 48] : 4
[48, 65] : 6
[550, 48] : 4
[38, 89] : 6
[39, 561] : 3
[561, 41] : 3
[48, 1031] : 3
[48, 89] : 11
[101, 39] : 5
[38, 105] : 7
[48, 95] : 3
[39, 89] : 11
[1191, 39] : 3
[41, 89] : 6
[68, 67] : 3
[39, 96] : 3
[39, 95] : 4
[48, 110] : 6
[48, 649] : 3
[48, 96] : 4
[39, 105] : 7
[41, 105] : 4
[38, 110] : 16
[101, 48] : 6
[39, 110] : 10
[649, 39] : 4
[110, 41] : 11
[48, 123] : 5
[48, 604] : 4
[39, 123] : 3
[593, 48] : 3
[592, 48] : 4
[39, 604] : 4
[38, 604] : 4
[152, 39] : 3
[39, 150] : 4
[155, 589] : 3
[152, 48] : 3
[39, 161] : 7
[155, 48] : 6
[170, 32] : 4
[161, 41] : 3
[38, 161] : 4
[48, 150] : 3
[155, 38] : 4
[48, 147] : 3
[155, 39] : 7
[39, 723] : 3
[48, 174] : 3
[39, 178] : 4
[1135, 39] : 3
[170, 48] : 13
[39, 179] : 3
[714, 39] : 4
[170, 38] : 25
[48, 161] : 3
[170, 39] : 15
[32, 178] : 3
[170, 41] : 8
[48, 665] : 3
[200, 39] : 3
[1146, 39] : 3
[39, 676] : 3
[48, 189] : 3
[39, 677] : 7
[186, 48] : 3
[39, 195] : 4
[677, 41] : 4
[48, 1146] : 3
[665, 39] : 4
[1154, 39] : 3
[1153, 39] : 3
[48, 179] : 4
[186, 39] : 3
[185, 39] : 3
[39, 213] : 3
[48, 200] : 3
[39, 208] : 4
[48, 677] : 6
[237, 39] : 7
[790, 39] : 3
[790, 38] : 3
[789, 39] : 3
[790, 41] : 3
[39, 242] : 4
[39, 248] : 6
[39, 246] : 3
[237, 48] : 6
[39, 1313] : 3
[39, 225] : 3
[48, 740] : 4
[258, 48] : 3
[48, 739] : 3
[39, 270] : 3
[38, 271] : 3
[39, 269] : 3
[48, 260] : 3
[272, 39] : 3
[39, 271] : 4
[39, 276] : 3
[278, 39] : 3
[38, 281] : 3
[39, 249] : 4
[48, 727] : 3
[248, 41] : 5
[48, 242] : 4
[48, 723] : 3
[255, 38] : 3
[255, 39] : 8
[48, 246] : 3
[730, 39] : 3
[255, 41] : 5
[48, 248] : 4
[739, 41] : 3
[259, 39] : 4
[41, 740] : 3
[39, 260] : 3
[730, 48] : 3
[38, 740] : 7
[39, 739] : 3
[39, 740] : 7
[36, 740] : 4
[152, 151] : 3
[39, 264] : 4
[255, 48] : 11
[39, 312] : 3
[308, 39] : 3
[48, 278] : 3
[38, 286] : 6
[39, 286] : 4
[39, 281] : 3
[48, 824] : 4
[48, 286] : 4
[39, 334] : 4
[39, 809] : 5
[340, 41] : 5
[48, 809] : 6
[789, 67] : 3
[48, 334] : 4
[39, 824] : 5
[48, 1274] : 3
[789, 48] : 5
[48, 798] : 3
[39, 371] : 4
[1153, 1154] : 3
[910, 48] : 3
[38, 371] : 5
[48, 365] : 3
[359, 48] : 3
[357, 48] : 4
[357, 41] : 3
[39, 1433] : 3
[357, 39] : 3
[39, 348] : 3
[48, 1433] : 3
[348, 41] : 3
[101, 824] : 3
[39, 396] : 3
[48, 859] : 3
[48, 381] : 4
[39, 1465] : 3
[38, 390] : 4
[41, 390] : 3
[39, 859] : 3
[39, 381] : 3
[39, 384] : 4
[441, 38] : 4
[978, 41] : 3
[39, 433] : 3
[425, 48] : 3
[48, 952] : 3
[48, 413] : 3
[408, 48] : 3
[956, 39] : 3
[956, 41] : 3
[952, 39] : 3
[441, 48] : 6
[441, 39] : 6
[441, 41] : 3
