Number of itemsets: 145
Computation time: 23870174 Nano seconds

[39, 41, 740] : 3
[730, 48, 39] : 3
[38, 39, 740] : 6
[39, 739, 41] : 3
[38, 41, 740] : 3
[48, 739, 41] : 3
[48, 200, 39] : 3
[48, 39, 740] : 4
[48, 38, 740] : 3
[48, 39, 739] : 3
[48, 1004, 39] : 3
[170, 48, 41] : 4
[479, 48, 39] : 3
[170, 48, 38] : 13
[170, 48, 39] : 8
[48, 39, 475] : 7
[48, 39, 179] : 3
[38, 36, 740] : 4
[39, 36, 740] : 3
[48, 39, 723] : 3
[441, 38, 39] : 3
[441, 48, 38] : 3
[441, 38, 41] : 3
[441, 39, 41] : 3
[48, 155, 589] : 3
[441, 48, 39] : 5
[255, 48, 39] : 6
[956, 39, 41] : 3
[535, 39, 41] : 4
[48, 248, 41] : 3
[48, 952, 39] : 3
[533, 39, 41] : 3
[533, 48, 38] : 3
[38, 39, 271] : 3
[533, 48, 41] : 4
[535, 48, 39] : 3
[533, 48, 39] : 3
[255, 48, 41] : 3
[237, 48, 39] : 6
[790, 38, 39] : 3
[790, 38, 41] : 3
[790, 39, 41] : 3
[548, 39, 41] : 3
[548, 48, 39] : 3
[48, 39, 248] : 4
[548, 48, 38] : 3
[48, 39, 246] : 3
[39, 248, 41] : 4
[550, 48, 39] : 4
[48, 39, 286] : 4
[48, 38, 286] : 4
[48, 39, 11] : 3
[493, 48, 39] : 3
[495, 48, 39] : 3
[32, 38, 41] : 5
[32, 38, 39] : 9
[32, 48, 39] : 13
[38, 39, 41] : 30
[32, 48, 38] : 5
[38, 39, 281] : 3
[39, 37, 41] : 3
[38, 37, 41] : 4
[39, 36, 41] : 6
[38, 36, 41] : 9
[38, 39, 37] : 4
[38, 39, 36] : 14
[32, 39, 41] : 10
[48, 38, 41] : 21
[48, 278, 39] : 3
[48, 37, 41] : 3
[48, 36, 41] : 5
[48, 38, 39] : 36
[38, 39, 47] : 4
[48, 39, 37] : 3
[48, 38, 37] : 5
[48, 39, 36] : 6
[48, 38, 36] : 11
[32, 48, 41] : 8
[38, 39, 286] : 4
[49, 48, 39] : 7
[593, 48, 39] : 3
[592, 48, 39] : 4
[48, 39, 41] : 47
[48, 39, 589] : 3
[38, 39, 56] : 4
[48, 38, 47] : 4
[48, 39, 45] : 4
[48, 39, 47] : 3
[48, 65, 39] : 5
[48, 1146, 39] : 3
[48, 39, 60] : 3
[48, 39, 604] : 3
[39, 41, 89] : 6
[38, 41, 89] : 4
[357, 48, 39] : 3
[48, 39, 1433] : 3
[48, 38, 89] : 5
[48, 39, 561] : 3
[357, 48, 41] : 3
[39, 41, 570] : 3
[48, 561, 41] : 3
[1153, 1154, 39] : 3
[39, 561, 41] : 3
[357, 39, 41] : 3
[38, 39, 89] : 5
[48, 39, 824] : 4
[38, 39, 110] : 10
[38, 41, 105] : 3
[39, 41, 105] : 4
[39, 110, 41] : 8
[39, 348, 41] : 3
[48, 101, 39] : 4
[789, 48, 67] : 3
[38, 110, 41] : 10
[48, 41, 89] : 5
[48, 39, 89] : 9
[48, 39, 334] : 3
[48, 39, 95] : 3
[38, 39, 105] : 6
[48, 39, 96] : 3
[48, 39, 570] : 4
[48, 39, 809] : 5
[48, 41, 570] : 3
[48, 39, 110] : 5
[48, 38, 110] : 6
[48, 39, 381] : 3
[48, 110, 41] : 5
[38, 41, 390] : 3
[48, 649, 39] : 3
[48, 39, 677] : 5
[38, 39, 371] : 4
[39, 677, 41] : 3
[38, 39, 161] : 4
[48, 39, 150] : 3
[155, 38, 39] : 3
[170, 39, 41] : 6
[48, 39, 161] : 3
[32, 39, 178] : 3
[170, 38, 41] : 8
[170, 38, 39] : 15
[48, 155, 39] : 5
[170, 32, 38] : 4
[170, 32, 39] : 3
[39, 161, 41] : 3
[48, 155, 38] : 3
