Number of itemsets: 38
Computation time: 5235664 Nano seconds

[48, 38, 39, 286] : 4
[38, 39, 41, 89] : 4
[170, 32, 38, 39] : 3
[441, 38, 39, 41] : 3
[48, 38, 39, 740] : 3
[38, 39, 36, 41] : 6
[38, 39, 41, 105] : 3
[38, 39, 37, 41] : 3
[48, 39, 739, 41] : 3
[48, 38, 41, 89] : 3
[48, 39, 41, 570] : 3
[32, 48, 38, 39] : 4
[48, 39, 41, 89] : 5
[48, 38, 39, 89] : 4
[32, 38, 39, 41] : 4
[48, 39, 561, 41] : 3
[48, 39, 110, 41] : 4
[48, 38, 110, 41] : 5
[48, 38, 39, 110] : 5
[38, 39, 36, 740] : 3
[48, 38, 39, 47] : 3
[48, 38, 36, 41] : 5
[48, 38, 39, 37] : 3
[38, 39, 41, 740] : 3
[48, 38, 39, 36] : 6
[38, 39, 110, 41] : 8
[32, 48, 39, 41] : 7
[48, 38, 39, 41] : 17
[48, 39, 248, 41] : 3
[48, 38, 37, 41] : 3
[48, 39, 36, 41] : 4
[170, 38, 39, 41] : 6
[790, 38, 39, 41] : 3
[170, 48, 38, 39] : 8
[357, 48, 39, 41] : 3
[170, 48, 38, 41] : 4
[533, 48, 39, 41] : 3
[170, 48, 39, 41] : 3
