Number of itemsets: 8128
Computation time: 379533033 Nano seconds

[1, 9]
[1, 11]
[9, 11]
[1, 23]
[23, 11]
[23, 9]
[1, 31]
[1, 32]
[1, 37]
[1, 38]
[1, 36]
[11, 31]
[1, 41]
[32, 11]
[9, 31]
[1, 39]
[32, 9]
[37, 9]
[1, 45]
[36, 11]
[38, 9]
[36, 9]
[39, 11]
[9, 41]
[1, 49]
[38, 11]
[1, 48]
[37, 11]
[39, 9]
[1, 47]
[32, 23]
[9, 45]
[23, 31]
[41, 11]
[48, 11]
[36, 23]
[49, 9]
[11, 47]
[48, 9]
[1, 56]
[9, 47]
[1, 55]
[11, 45]
[32, 31]
[39, 23]
[1, 60]
[38, 23]
[49, 11]
[23, 37]
[32, 36]
[37, 31]
[23, 45]
[32, 37]
[38, 31]
[9, 60]
[68, 1]
[32, 38]
[39, 31]
[23, 47]
[32, 39]
[11, 60]
[48, 23]
[55, 9]
[23, 41]
[9, 56]
[1, 65]
[55, 11]
[36, 31]
[56, 11]
[39, 37]
[31, 45]
[65, 11]
[36, 41]
[38, 39]
[32, 45]
[68, 9]
[1, 76]
[47, 31]
[55, 23]
[37, 41]
[38, 41]
[32, 47]
[48, 31]
[1, 78]
[68, 11]
[23, 56]
[41, 31]
[49, 23]
[36, 37]
[32, 41]
[38, 36]
[65, 9]
[39, 36]
[38, 37]
[49, 36]
[38, 47]
[76, 9]
[48, 37]
[48, 36]
[39, 45]
[37, 47]
[48, 39]
[49, 38]
[32, 55]
[56, 31]
[9, 78]
[76, 11]
[39, 47]
[48, 38]
[55, 31]
[49, 37]
[41, 45]
[36, 45]
[49, 32]
[39, 41]
[32, 48]
[49, 31]
[1, 79]
[36, 47]
[38, 45]
[23, 60]
[37, 45]
[55, 38]
[37, 56]
[48, 45]
[36, 56]
[32, 60]
[55, 37]
[47, 45]
[39, 56]
[48, 47]
[55, 39]
[38, 56]
[49, 45]
[78, 11]
[48, 41]
[49, 39]
[32, 56]
[9, 79]
[65, 23]
[41, 47]
[55, 36]
[31, 60]
[68, 23]
[1, 89]
[79, 11]
[49, 41]
[1, 101]
[23, 79]
[65, 37]
[55, 47]
[38, 65]
[56, 47]
[48, 55]
[68, 32]
[11, 89]
[55, 45]
[65, 36]
[23, 78]
[41, 60]
[56, 45]
[38, 60]
[9, 89]
[39, 60]
[68, 31]
[23, 76]
[36, 60]
[65, 31]
[1, 95]
[55, 41]
[49, 47]
[32, 65]
[1, 96]
[37, 60]
[56, 41]
[49, 48]
[32, 78]
[79, 31]
[101, 9]
[65, 45]
[32, 79]
[1, 110]
[55, 56]
[32, 76]
[1, 107]
[48, 60]
[78, 31]
[68, 41]
[49, 60]
[68, 38]
[1, 105]
[95, 11]
[65, 41]
[68, 39]
[76, 31]
[96, 11]
[47, 60]
[68, 36]
[65, 39]
[9, 95]
[49, 55]
[48, 56]
[96, 9]
[68, 37]
[60, 45]
[49, 56]
[110, 9]
[96, 23]
[78, 41]
[39, 79]
[1, 117]
[11, 107]
[23, 95]
[39, 78]
[38, 79]
[76, 41]
[68, 49]
[38, 78]
[9, 107]
[11, 105]
[37, 79]
[68, 48]
[56, 60]
[36, 79]
[39, 76]
[37, 78]
[68, 47]
[55, 60]
[36, 78]
[38, 76]
[9, 105]
[49, 65]
[37, 76]
[68, 45]
[48, 65]
[36, 76]
[101, 11]
[23, 89]
[65, 47]
[38, 89]
[32, 95]
[96, 31]
[49, 78]
[48, 79]
[95, 31]
[117, 9]
[37, 89]
[79, 47]
[48, 78]
[36, 89]
[78, 47]
[49, 76]
[65, 60]
[1, 123]
[101, 23]
[79, 45]
[48, 76]
[68, 56]
[76, 47]
[78, 45]
[68, 55]
[32, 89]
[110, 11]
[76, 45]
[65, 56]
[89, 31]
[79, 41]
[55, 65]
[101, 36]
[32, 105]
[96, 41]
[48, 89]
[31, 105]
[95, 41]
[89, 47]
[76, 60]
[101, 38]
[32, 107]
[79, 60]
[107, 31]
[101, 37]
[49, 89]
[78, 60]
[36, 105]
[110, 31]
[96, 45]
[65, 76]
[101, 39]
[117, 23]
[95, 45]
[36, 107]
[38, 105]
[96, 47]
[48, 95]
[65, 78]
[32, 110]
[37, 105]
[101, 41]
[95, 47]
[39, 89]
[32, 96]
[117, 11]
[23, 105]
[49, 79]
[68, 60]
[36, 95]
[55, 76]
[23, 107]
[41, 89]
[38, 95]
[32, 101]
[23, 110]
[96, 37]
[55, 78]
[68, 65]
[96, 36]
[101, 31]
[9, 123]
[37, 95]
[76, 56]
[39, 96]
[79, 56]
[39, 95]
[38, 96]
[11, 123]
[89, 45]
[55, 79]
[78, 56]
[47, 105]
[107, 45]
[96, 56]
[117, 36]
[152, 1]
[48, 105]
[123, 31]
[117, 37]
[107, 47]
[49, 105]
[65, 89]
[76, 78]
[117, 38]
[32, 123]
[110, 45]
[48, 107]
[95, 60]
[76, 79]
[117, 39]
[9, 147]
[1, 155]
[49, 107]
[101, 55]
[96, 60]
[1, 156]
[110, 47]
[101, 56]
[68, 89]
[78, 79]
[147, 11]
[117, 41]
[48, 110]
[36, 123]
[9, 150]
[49, 110]
[39, 105]
[37, 107]
[49, 95]
[48, 96]
[55, 89]
[68, 76]
[65, 79]
[38, 107]
[49, 96]
[56, 89]
[36, 110]
[39, 107]
[23, 123]
[41, 105]
[101, 45]
[68, 78]
[37, 110]
[68, 79]
[38, 110]
[117, 31]
[1, 147]
[41, 107]
[101, 47]
[39, 110]
[117, 32]
[101, 48]
[89, 60]
[105, 45]
[49, 101]
[55, 95]
[1, 150]
[110, 41]
[55, 96]
[95, 56]
[170, 1]
[48, 123]
[76, 95]
[9, 161]
[23, 147]
[123, 47]
[110, 60]
[65, 105]
[68, 101]
[123, 45]
[79, 89]
[152, 23]
[68, 107]
[65, 110]
[96, 79]
[96, 78]
[95, 79]
[23, 150]
[117, 56]
[68, 105]
[95, 78]
[161, 11]
[49, 123]
[117, 55]
[65, 107]
[96, 76]
[152, 11]
[56, 107]
[68, 95]
[39, 123]
[1, 161]
[117, 45]
[55, 107]
[38, 123]
[152, 9]
[11, 150]
[56, 105]
[101, 60]
[65, 96]
[37, 123]
[55, 105]
[65, 95]
[156, 11]
[107, 60]
[78, 89]
[155, 11]
[117, 49]
[110, 56]
[101, 65]
[156, 9]
[117, 48]
[55, 110]
[105, 60]
[76, 89]
[155, 9]
[41, 123]
[117, 47]
[68, 96]
[36, 150]
[39, 147]
[155, 31]
[1, 185]
[110, 76]
[79, 107]
[32, 155]
[156, 31]
[178, 9]
[186, 1]
[37, 150]
[152, 32]
[23, 161]
[37, 147]
[79, 105]
[95, 89]
[38, 147]
[1, 184]
[68, 117]
[78, 107]
[96, 89]
[152, 38]
[179, 11]
[101, 89]
[155, 36]
[152, 39]
[41, 150]
[68, 123]
[96, 95]
[152, 36]
[38, 150]
[32, 156]
[179, 9]
[147, 41]
[65, 123]
[110, 78]
[39, 150]
[178, 11]
[152, 37]
[110, 79]
[147, 31]
[155, 23]
[55, 123]
[68, 110]
[32, 147]
[170, 9]
[1, 178]
[156, 23]
[56, 123]
[101, 78]
[117, 60]
[101, 76]
[32, 150]
[117, 65]
[36, 147]
[152, 31]
[123, 60]
[76, 107]
[78, 105]
[1, 179]
[101, 79]
[150, 31]
[170, 11]
[76, 105]
[49, 156]
[55, 150]
[110, 95]
[9, 195]
[49, 155]
[48, 156]
[184, 23]
[170, 37]
[152, 55]
[147, 60]
[170, 36]
[11, 195]
[161, 45]
[56, 150]
[117, 89]
[101, 105]
[96, 110]
[170, 31]
[1, 200]
[23, 178]
[156, 45]
[152, 49]
[78, 123]
[96, 105]
[39, 161]
[155, 45]
[152, 48]
[95, 105]
[156, 47]
[155, 48]
[147, 56]
[96, 107]
[170, 32]
[1, 201]
[23, 179]
[161, 41]
[155, 47]
[55, 147]
[79, 123]
[95, 107]
[36, 161]
[186, 11]
[156, 41]
[47, 150]
[152, 45]
[101, 96]
[1, 195]
[185, 11]
[155, 41]
[49, 147]
[117, 79]
[101, 95]
[89, 107]
[38, 161]
[152, 47]
[49, 150]
[76, 123]
[110, 89]
[37, 161]
[48, 150]
[155, 38]
[32, 161]
[184, 9]
[170, 23]
[156, 37]
[152, 41]
[117, 76]
[156, 36]
[161, 31]
[155, 37]
[147, 45]
[156, 39]
[186, 9]
[184, 11]
[150, 45]
[48, 147]
[117, 78]
[155, 39]
[156, 38]
[185, 9]
[147, 47]
[89, 105]
[184, 36]
[179, 41]
[152, 68]
[155, 65]
[185, 36]
[184, 37]
[161, 60]
[156, 65]
[186, 36]
[184, 38]
[185, 37]
[117, 105]
[184, 39]
[185, 38]
[200, 23]
[186, 37]
[178, 45]
[68, 155]
[76, 147]
[38, 178]
[184, 32]
[185, 31]
[37, 179]
[55, 161]
[156, 60]
[39, 178]
[38, 179]
[32, 185]
[186, 31]
[9, 208]
[170, 47]
[161, 56]
[152, 65]
[110, 107]
[39, 179]
[186, 32]
[23, 195]
[170, 48]
[68, 150]
[95, 123]
[117, 101]
[11, 208]
[178, 41]
[170, 49]
[96, 123]
[201, 11]
[156, 56]
[152, 60]
[65, 147]
[117, 95]
[123, 89]
[107, 105]
[117, 96]
[36, 178]
[36, 179]
[184, 31]
[37, 178]
[170, 45]
[155, 60]
[68, 147]
[65, 150]
[110, 105]
[170, 38]
[185, 23]
[161, 47]
[152, 56]
[101, 107]
[170, 39]
[178, 31]
[200, 9]
[1, 208]
[186, 23]
[48, 161]
[32, 178]
[179, 31]
[201, 9]
[49, 161]
[155, 55]
[150, 60]
[32, 179]
[200, 11]
[170, 41]
[156, 55]
[155, 56]
[101, 110]
[200, 39]
[201, 38]
[208, 31]
[184, 55]
[179, 60]
[161, 78]
[89, 150]
[38, 200]
[1, 237]
[201, 37]
[178, 60]
[68, 170]
[201, 36]
[200, 37]
[76, 161]
[200, 36]
[11, 225]
[41, 195]
[147, 89]
[186, 49]
[179, 56]
[170, 65]
[156, 79]
[39, 195]
[9, 225]
[49, 185]
[186, 48]
[55, 179]
[178, 56]
[156, 78]
[155, 79]
[38, 195]
[32, 201]
[1, 232]
[186, 47]
[184, 49]
[185, 48]
[55, 178]
[155, 78]
[110, 123]
[32, 200]
[201, 31]
[37, 195]
[185, 47]
[184, 48]
[156, 76]
[36, 195]
[200, 31]
[23, 208]
[184, 47]
[186, 45]
[155, 76]
[152, 79]
[185, 45]
[170, 60]
[152, 78]
[123, 107]
[184, 45]
[68, 161]
[79, 150]
[49, 179]
[152, 76]
[78, 150]
[123, 105]
[32, 195]
[186, 41]
[49, 178]
[48, 179]
[117, 110]
[195, 31]
[1, 225]
[185, 41]
[179, 47]
[48, 178]
[170, 56]
[65, 161]
[76, 150]
[147, 79]
[186, 39]
[184, 41]
[178, 47]
[170, 55]
[78, 147]
[185, 39]
[186, 38]
[201, 23]
[179, 45]
[68, 156]
[101, 123]
[117, 107]
[186, 68]
[178, 76]
[147, 107]
[246, 9]
[23, 232]
[208, 47]
[55, 200]
[195, 60]
[76, 179]
[150, 105]
[68, 184]
[156, 96]
[147, 105]
[11, 242]
[208, 45]
[68, 185]
[152, 101]
[1, 249]
[49, 201]
[55, 195]
[185, 65]
[155, 95]
[161, 89]
[9, 242]
[56, 195]
[186, 65]
[156, 95]
[101, 150]
[155, 96]
[237, 11]
[23, 225]
[201, 47]
[48, 200]
[170, 78]
[101, 147]
[152, 96]
[1, 248]
[41, 208]
[49, 200]
[48, 201]
[184, 65]
[170, 79]
[38, 208]
[237, 9]
[201, 45]
[186, 60]
[68, 178]
[170, 76]
[96, 150]
[39, 208]
[1, 246]
[200, 47]
[68, 179]
[152, 95]
[36, 208]
[49, 195]
[184, 60]
[65, 179]
[155, 89]
[37, 208]
[200, 45]
[185, 60]
[95, 150]
[156, 89]
[201, 41]
[47, 195]
[186, 56]
[95, 147]
[1, 242]
[232, 11]
[48, 195]
[65, 178]
[96, 147]
[117, 123]
[201, 39]
[32, 208]
[195, 45]
[185, 55]
[184, 56]
[161, 79]
[232, 9]
[200, 41]
[186, 55]
[185, 56]
[152, 89]
[152, 123]
[237, 38]
[264, 11]
[186, 89]
[96, 179]
[170, 105]
[32, 242]
[237, 37]
[49, 225]
[79, 195]
[179, 95]
[185, 89]
[96, 178]
[123, 150]
[117, 156]
[237, 36]
[242, 31]
[9, 264]
[232, 41]
[48, 225]
[65, 208]
[78, 195]
[178, 95]
[184, 89]
[117, 155]
[1, 271]
[23, 249]
[47, 225]
[156, 123]
[248, 31]
[9, 270]
[37, 242]
[232, 47]
[201, 78]
[200, 79]
[184, 95]
[101, 178]
[155, 123]
[117, 161]
[32, 246]
[9, 269]
[255, 23]
[36, 242]
[237, 41]
[200, 78]
[246, 31]
[232, 45]
[201, 76]
[170, 107]
[237, 39]
[68, 208]
[200, 76]
[178, 105]
[37, 246]
[41, 242]
[11, 271]
[1, 281]
[259, 23]
[36, 246]
[237, 45]
[186, 96]
[39, 242]
[32, 249]
[11, 270]
[49, 232]
[56, 225]
[186, 95]
[185, 96]
[38, 242]
[32, 248]
[249, 31]
[11, 269]
[9, 271]
[48, 232]
[55, 225]
[201, 79]
[185, 95]
[101, 179]
[184, 96]
[170, 110]
[170, 117]
[39, 248]
[38, 249]
[255, 32]
[1, 286]
[23, 264]
[246, 41]
[242, 45]
[55, 232]
[79, 208]
[186, 101]
[38, 248]
[255, 31]
[249, 37]
[237, 49]
[78, 208]
[185, 101]
[179, 107]
[39, 246]
[36, 249]
[248, 37]
[237, 48]
[225, 60]
[184, 101]
[178, 107]
[161, 123]
[179, 105]
[38, 246]
[248, 36]
[237, 47]
[76, 208]
[89, 195]
[249, 9]
[179, 79]
[248, 11]
[170, 89]
[152, 107]
[225, 31]
[255, 1]
[48, 208]
[201, 55]
[200, 56]
[178, 78]
[161, 95]
[155, 101]
[32, 225]
[248, 9]
[246, 11]
[49, 208]
[201, 56]
[179, 78]
[178, 79]
[101, 156]
[96, 161]
[110, 147]
[107, 150]
[152, 105]
[37, 225]
[186, 76]
[184, 78]
[101, 161]
[152, 110]
[155, 107]
[38, 225]
[232, 31]
[55, 208]
[68, 195]
[185, 78]
[184, 79]
[156, 107]
[259, 1]
[249, 11]
[237, 23]
[200, 60]
[65, 195]
[184, 76]
[110, 150]
[155, 105]
[36, 225]
[201, 60]
[185, 76]
[156, 105]
[255, 11]
[41, 225]
[201, 65]
[170, 96]
[156, 110]
[161, 105]
[117, 150]
[178, 89]
[117, 147]
[39, 225]
[32, 232]
[255, 9]
[56, 208]
[186, 78]
[185, 79]
[1, 264]
[23, 242]
[200, 65]
[186, 79]
[170, 95]
[155, 110]
[147, 123]
[38, 232]
[259, 11]
[1, 269]
[225, 45]
[39, 232]
[1, 270]
[248, 23]
[76, 195]
[170, 101]
[110, 161]
[36, 232]
[237, 31]
[259, 9]
[208, 60]
[68, 200]
[179, 89]
[161, 107]
[152, 117]
[237, 32]
[23, 246]
[232, 37]
[68, 201]
[155, 150]
[200, 105]
[36, 269]
[264, 41]
[249, 56]
[68, 237]
[110, 195]
[23, 281]
[259, 45]
[255, 49]
[55, 249]
[248, 56]
[79, 225]
[96, 208]
[152, 155]
[184, 123]
[38, 269]
[36, 271]
[37, 270]
[259, 48]
[65, 242]
[200, 107]
[156, 150]
[201, 105]
[37, 269]
[36, 270]
[259, 47]
[246, 60]
[186, 123]
[38, 271]
[39, 270]
[23, 286]
[264, 45]
[249, 60]
[101, 208]
[161, 147]
[152, 156]
[185, 123]
[39, 269]
[37, 271]
[38, 270]
[259, 49]
[248, 60]
[232, 76]
[201, 107]
[161, 150]
[155, 156]
[41, 270]
[1, 310]
[264, 47]
[255, 56]
[65, 246]
[232, 79]
[201, 110]
[41, 269]
[39, 271]
[255, 55]
[68, 242]
[232, 78]
[200, 110]
[152, 161]
[208, 105]
[32, 281]
[49, 264]
[65, 248]
[237, 76]
[117, 195]
[41, 271]
[281, 31]
[48, 264]
[270, 45]
[259, 56]
[255, 60]
[237, 78]
[208, 107]
[45, 269]
[259, 55]
[68, 246]
[65, 249]
[89, 225]
[170, 147]
[156, 161]
[117, 200]
[48, 269]
[270, 47]
[36, 281]
[286, 31]
[68, 249]
[155, 161]
[47, 269]
[271, 45]
[68, 248]
[237, 79]
[48, 271]
[49, 270]
[38, 281]
[310, 9]
[259, 60]
[55, 264]
[123, 195]
[117, 201]
[49, 269]
[47, 271]
[48, 270]
[37, 281]
[32, 286]
[76, 242]
[110, 208]
[39, 249]
[232, 56]
[178, 110]
[248, 41]
[242, 47]
[200, 89]
[110, 179]
[184, 105]
[9, 281]
[259, 31]
[249, 41]
[48, 242]
[65, 225]
[95, 195]
[201, 89]
[185, 105]
[259, 32]
[255, 36]
[246, 45]
[49, 242]
[96, 195]
[184, 107]
[186, 105]
[281, 11]
[23, 269]
[255, 37]
[237, 55]
[232, 60]
[185, 107]
[170, 123]
[255, 38]
[23, 270]
[246, 47]
[248, 45]
[237, 56]
[68, 225]
[186, 107]
[255, 39]
[23, 271]
[249, 45]
[48, 246]
[184, 110]
[117, 178]
[9, 286]
[259, 36]
[264, 31]
[248, 47]
[49, 246]
[200, 95]
[185, 110]
[117, 179]
[259, 37]
[32, 264]
[255, 41]
[249, 47]
[48, 248]
[201, 95]
[101, 195]
[200, 96]
[186, 110]
[147, 150]
[11, 286]
[259, 38]
[49, 248]
[48, 249]
[55, 242]
[237, 60]
[65, 232]
[208, 89]
[201, 96]
[259, 39]
[49, 249]
[56, 242]
[152, 147]
[195, 105]
[31, 269]
[259, 41]
[36, 264]
[255, 45]
[68, 232]
[178, 123]
[184, 117]
[32, 269]
[270, 31]
[37, 264]
[55, 246]
[76, 225]
[101, 200]
[155, 147]
[152, 150]
[179, 123]
[117, 185]
[271, 31]
[32, 270]
[38, 264]
[255, 47]
[246, 56]
[242, 60]
[237, 65]
[101, 201]
[107, 195]
[156, 147]
[186, 117]
[32, 271]
[39, 264]
[255, 48]
[55, 248]
[78, 225]
[95, 208]
[334, 9]
[264, 79]
[248, 95]
[101, 242]
[147, 195]
[186, 156]
[117, 225]
[237, 105]
[32, 310]
[56, 286]
[78, 264]
[96, 246]
[232, 110]
[185, 156]
[186, 155]
[310, 31]
[281, 60]
[1, 340]
[55, 286]
[246, 95]
[179, 161]
[184, 156]
[185, 155]
[76, 264]
[178, 161]
[184, 155]
[68, 271]
[1, 338]
[232, 107]
[186, 152]
[68, 270]
[259, 79]
[249, 89]
[237, 101]
[96, 242]
[152, 185]
[232, 105]
[68, 269]
[281, 56]
[259, 78]
[95, 242]
[248, 89]
[186, 150]
[152, 184]
[65, 271]
[55, 281]
[201, 150]
[156, 195]
[246, 105]
[340, 11]
[65, 286]
[310, 41]
[255, 96]
[200, 150]
[155, 195]
[79, 271]
[1, 349]
[255, 95]
[101, 249]
[170, 179]
[117, 232]
[39, 310]
[78, 271]
[79, 270]
[68, 281]
[340, 9]
[338, 11]
[101, 248]
[242, 107]
[170, 178]
[201, 147]
[123, 225]
[38, 310]
[79, 269]
[78, 270]
[259, 89]
[186, 161]
[200, 147]
[152, 195]
[242, 105]
[78, 269]
[76, 271]
[338, 9]
[310, 37]
[101, 246]
[237, 110]
[185, 161]
[36, 310]
[76, 270]
[65, 281]
[286, 60]
[184, 161]
[195, 150]
[76, 269]
[334, 11]
[96, 249]
[249, 95]
[255, 89]
[248, 96]
[237, 107]
[179, 147]
[170, 156]
[55, 271]
[56, 270]
[281, 45]
[248, 78]
[237, 89]
[101, 225]
[56, 271]
[41, 286]
[68, 259]
[249, 78]
[248, 79]
[232, 95]
[201, 123]
[55, 269]
[38, 286]
[259, 65]
[264, 60]
[248, 76]
[246, 78]
[178, 147]
[170, 155]
[117, 208]
[56, 269]
[55, 270]
[39, 286]
[249, 76]
[246, 79]
[152, 170]
[281, 41]
[36, 286]
[246, 76]
[200, 123]
[37, 286]
[68, 255]
[170, 150]
[49, 271]
[39, 281]
[264, 56]
[255, 65]
[78, 242]
[95, 225]
[310, 11]
[79, 242]
[232, 89]
[96, 225]
[184, 150]
[156, 178]
[155, 179]
[65, 269]
[48, 286]
[255, 79]
[185, 150]
[156, 179]
[65, 270]
[1, 334]
[49, 286]
[259, 76]
[246, 89]
[110, 225]
[185, 147]
[68, 264]
[237, 95]
[107, 225]
[186, 147]
[155, 178]
[47, 286]
[23, 310]
[255, 78]
[101, 232]
[237, 96]
[152, 178]
[225, 105]
[270, 60]
[49, 281]
[170, 161]
[184, 147]
[152, 179]
[208, 123]
[271, 60]
[286, 45]
[255, 76]
[242, 89]
[178, 150]
[281, 47]
[249, 79]
[96, 232]
[179, 150]
[60, 269]
[48, 281]
[65, 264]
[178, 195]
[39, 334]
[147, 225]
[249, 123]
[255, 117]
[38, 334]
[32, 340]
[101, 271]
[1, 371]
[23, 349]
[225, 150]
[270, 105]
[89, 286]
[338, 37]
[65, 310]
[334, 41]
[179, 195]
[338, 36]
[105, 269]
[365, 9]
[110, 264]
[184, 185]
[161, 208]
[246, 123]
[338, 31]
[259, 110]
[264, 105]
[359, 9]
[357, 11]
[186, 185]
[170, 201]
[248, 123]
[340, 31]
[101, 270]
[264, 107]
[37, 334]
[186, 184]
[170, 200]
[36, 334]
[32, 338]
[101, 269]
[281, 89]
[359, 11]
[310, 60]
[186, 195]
[156, 225]
[32, 349]
[110, 271]
[95, 286]
[117, 264]
[340, 41]
[334, 47]
[201, 179]
[185, 195]
[155, 225]
[349, 31]
[110, 270]
[371, 9]
[357, 23]
[338, 45]
[49, 334]
[232, 150]
[101, 281]
[1, 381]
[371, 11]
[96, 286]
[259, 123]
[359, 23]
[48, 334]
[152, 225]
[338, 39]
[270, 107]
[96, 281]
[340, 37]
[340, 36]
[38, 338]
[107, 269]
[271, 105]
[95, 281]
[365, 11]
[259, 117]
[200, 179]
[201, 178]
[184, 195]
[232, 147]
[340, 39]
[110, 269]
[338, 41]
[334, 45]
[200, 178]
[170, 208]
[255, 123]
[340, 38]
[107, 271]
[68, 310]
[161, 195]
[186, 170]
[156, 200]
[155, 201]
[255, 101]
[246, 110]
[249, 107]
[178, 179]
[201, 156]
[76, 281]
[23, 334]
[310, 47]
[208, 150]
[89, 269]
[9, 349]
[357, 1]
[48, 310]
[248, 110]
[117, 242]
[89, 270]
[78, 281]
[95, 264]
[49, 310]
[249, 110]
[152, 200]
[110, 242]
[152, 201]
[248, 105]
[264, 89]
[246, 107]
[170, 184]
[237, 117]
[249, 105]
[68, 286]
[259, 95]
[170, 185]
[147, 208]
[155, 200]
[232, 123]
[259, 96]
[310, 45]
[248, 107]
[185, 179]
[186, 178]
[156, 208]
[95, 269]
[78, 286]
[259, 105]
[186, 179]
[170, 195]
[242, 123]
[117, 248]
[96, 269]
[334, 31]
[95, 270]
[79, 286]
[101, 264]
[55, 310]
[255, 110]
[117, 249]
[32, 334]
[95, 271]
[96, 270]
[357, 9]
[1, 365]
[259, 107]
[310, 56]
[96, 271]
[152, 208]
[237, 123]
[255, 105]
[89, 271]
[281, 79]
[1, 359]
[349, 11]
[259, 101]
[96, 264]
[200, 161]
[338, 23]
[184, 178]
[201, 161]
[76, 286]
[255, 107]
[185, 178]
[184, 179]
[155, 208]
[117, 246]
[340, 23]
[232, 178]
[185, 225]
[249, 161]
[255, 155]
[39, 371]
[365, 45]
[334, 76]
[232, 179]
[186, 225]
[255, 156]
[152, 259]
[264, 147]
[101, 310]
[200, 208]
[371, 37]
[49, 359]
[68, 340]
[201, 208]
[184, 225]
[248, 161]
[38, 371]
[123, 286]
[259, 150]
[349, 60]
[1, 413]
[259, 155]
[264, 150]
[49, 365]
[359, 55]
[65, 349]
[338, 76]
[237, 178]
[384, 31]
[259, 156]
[310, 105]
[359, 56]
[170, 242]
[381, 31]
[23, 389]
[371, 41]
[365, 47]
[357, 55]
[334, 78]
[32, 381]
[23, 390]
[48, 365]
[357, 56]
[334, 79]
[170, 232]
[255, 147]
[156, 246]
[371, 31]
[37, 365]
[357, 45]
[68, 334]
[208, 195]
[178, 225]
[161, 242]
[155, 248]
[38, 365]
[32, 371]
[117, 286]
[338, 65]
[152, 248]
[11, 389]
[359, 41]
[340, 60]
[201, 200]
[155, 246]
[152, 249]
[36, 365]
[11, 390]
[259, 147]
[96, 310]
[365, 41]
[359, 47]
[357, 49]
[68, 338]
[246, 161]
[170, 237]
[152, 255]
[371, 36]
[396, 11]
[23, 384]
[359, 48]
[179, 225]
[156, 248]
[155, 249]
[39, 365]
[281, 123]
[23, 381]
[357, 47]
[359, 45]
[55, 349]
[255, 150]
[156, 249]
[396, 9]
[310, 95]
[357, 48]
[349, 56]
[340, 65]
[200, 195]
[170, 225]
[248, 147]
[359, 36]
[357, 38]
[384, 11]
[340, 55]
[186, 208]
[152, 242]
[123, 271]
[371, 23]
[357, 37]
[349, 45]
[338, 56]
[334, 60]
[185, 208]
[232, 161]
[246, 147]
[237, 156]
[357, 36]
[123, 270]
[9, 384]
[107, 286]
[55, 338]
[184, 208]
[242, 150]
[237, 155]
[123, 269]
[381, 11]
[249, 150]
[9, 390]
[310, 89]
[65, 334]
[237, 161]
[248, 150]
[156, 242]
[152, 246]
[359, 39]
[117, 281]
[9, 389]
[357, 41]
[49, 349]
[338, 60]
[155, 242]
[359, 38]
[32, 365]
[1, 396]
[48, 349]
[201, 195]
[246, 150]
[249, 147]
[357, 39]
[365, 31]
[110, 286]
[359, 37]
[349, 47]
[340, 56]
[179, 208]
[186, 201]
[237, 150]
[155, 232]
[38, 349]
[117, 270]
[101, 286]
[264, 123]
[340, 47]
[49, 338]
[178, 208]
[185, 201]
[186, 200]
[161, 225]
[117, 269]
[281, 105]
[37, 349]
[310, 76]
[48, 338]
[185, 200]
[184, 201]
[36, 349]
[1, 384]
[338, 47]
[340, 45]
[184, 200]
[237, 147]
[152, 232]
[32, 359]
[110, 281]
[1, 390]
[286, 105]
[359, 31]
[381, 9]
[1, 389]
[349, 41]
[334, 56]
[147, 242]
[152, 237]
[357, 32]
[310, 79]
[49, 340]
[55, 334]
[156, 232]
[39, 349]
[357, 31]
[117, 271]
[281, 107]
[23, 365]
[310, 78]
[340, 48]
[232, 208]
[255, 185]
[170, 270]
[384, 56]
[246, 195]
[186, 255]
[170, 271]
[155, 286]
[396, 45]
[381, 60]
[101, 340]
[76, 365]
[334, 107]
[200, 242]
[178, 264]
[161, 281]
[433, 9]
[441, 1]
[156, 286]
[248, 195]
[201, 242]
[179, 264]
[259, 184]
[396, 47]
[338, 105]
[365, 78]
[249, 195]
[413, 31]
[433, 11]
[259, 185]
[48, 396]
[55, 389]
[384, 60]
[95, 349]
[365, 79]
[110, 334]
[237, 208]
[32, 413]
[186, 259]
[49, 396]
[55, 390]
[56, 389]
[340, 105]
[338, 107]
[96, 349]
[200, 246]
[56, 390]
[65, 381]
[357, 89]
[201, 246]
[178, 269]
[9, 438]
[161, 286]
[340, 107]
[371, 76]
[237, 195]
[200, 232]
[184, 248]
[186, 246]
[36, 396]
[161, 271]
[48, 384]
[208, 225]
[201, 232]
[255, 178]
[185, 248]
[184, 249]
[152, 281]
[147, 286]
[396, 37]
[310, 123]
[49, 384]
[68, 365]
[338, 95]
[357, 76]
[255, 179]
[185, 249]
[186, 248]
[38, 396]
[1, 433]
[170, 264]
[389, 45]
[338, 96]
[186, 249]
[39, 396]
[390, 45]
[340, 95]
[359, 76]
[357, 78]
[101, 334]
[155, 281]
[286, 150]
[23, 413]
[47, 389]
[55, 381]
[340, 96]
[65, 371]
[357, 79]
[242, 195]
[237, 200]
[156, 281]
[259, 178]
[396, 41]
[390, 47]
[48, 389]
[381, 56]
[359, 78]
[237, 201]
[152, 286]
[259, 179]
[49, 389]
[48, 390]
[349, 89]
[359, 79]
[255, 184]
[170, 269]
[1, 438]
[49, 390]
[55, 384]
[68, 371]
[101, 338]
[334, 105]
[200, 225]
[246, 179]
[255, 170]
[36, 389]
[156, 269]
[155, 270]
[161, 264]
[384, 41]
[365, 60]
[68, 357]
[76, 349]
[246, 178]
[155, 269]
[413, 11]
[359, 65]
[232, 195]
[248, 179]
[249, 178]
[185, 242]
[38, 389]
[396, 31]
[156, 271]
[37, 390]
[117, 310]
[371, 56]
[68, 359]
[338, 89]
[349, 78]
[201, 225]
[248, 178]
[184, 242]
[36, 390]
[155, 271]
[156, 270]
[37, 389]
[381, 45]
[55, 371]
[39, 390]
[170, 259]
[384, 45]
[48, 381]
[340, 89]
[334, 95]
[249, 179]
[186, 242]
[39, 389]
[38, 390]
[32, 396]
[281, 147]
[381, 47]
[349, 79]
[185, 246]
[161, 270]
[281, 150]
[41, 390]
[384, 47]
[371, 60]
[184, 246]
[161, 269]
[41, 389]
[49, 381]
[65, 365]
[96, 334]
[185, 232]
[36, 381]
[147, 270]
[310, 107]
[357, 60]
[68, 349]
[338, 79]
[237, 179]
[184, 232]
[255, 161]
[170, 246]
[32, 384]
[147, 269]
[152, 264]
[371, 45]
[340, 76]
[338, 78]
[170, 249]
[38, 381]
[150, 269]
[23, 396]
[155, 264]
[48, 371]
[359, 60]
[340, 79]
[186, 232]
[170, 248]
[147, 271]
[37, 381]
[371, 47]
[340, 78]
[179, 242]
[237, 184]
[32, 389]
[152, 269]
[390, 31]
[271, 150]
[37, 384]
[365, 56]
[225, 195]
[178, 242]
[36, 384]
[39, 381]
[389, 31]
[270, 150]
[259, 161]
[156, 264]
[310, 110]
[49, 371]
[55, 365]
[186, 237]
[39, 384]
[152, 271]
[334, 89]
[237, 185]
[38, 384]
[32, 390]
[152, 270]
[413, 9]
[381, 41]
[357, 65]
[232, 246]
[208, 270]
[441, 37]
[433, 45]
[65, 413]
[89, 389]
[371, 107]
[237, 242]
[441, 38]
[208, 271]
[41, 438]
[95, 384]
[89, 390]
[117, 359]
[38, 438]
[281, 195]
[1, 475]
[381, 95]
[371, 105]
[441, 36]
[39, 438]
[208, 269]
[96, 381]
[249, 225]
[232, 242]
[357, 117]
[36, 438]
[433, 41]
[396, 78]
[37, 438]
[396, 79]
[110, 365]
[39, 433]
[441, 31]
[201, 271]
[264, 208]
[186, 286]
[396, 76]
[349, 123]
[101, 371]
[365, 107]
[248, 225]
[441, 32]
[413, 60]
[384, 89]
[32, 438]
[201, 269]
[200, 270]
[184, 286]
[37, 433]
[381, 89]
[365, 105]
[246, 225]
[38, 433]
[200, 271]
[201, 270]
[185, 286]
[310, 161]
[55, 413]
[78, 390]
[79, 389]
[237, 232]
[36, 433]
[200, 269]
[438, 31]
[413, 56]
[79, 390]
[359, 110]
[271, 195]
[185, 281]
[156, 310]
[76, 390]
[117, 349]
[371, 95]
[101, 365]
[359, 107]
[242, 225]
[186, 281]
[259, 208]
[78, 389]
[371, 96]
[357, 110]
[195, 269]
[433, 31]
[200, 264]
[178, 286]
[441, 23]
[68, 396]
[357, 107]
[359, 105]
[32, 433]
[270, 195]
[201, 264]
[184, 281]
[179, 286]
[155, 310]
[76, 389]
[255, 208]
[340, 123]
[384, 79]
[237, 225]
[152, 310]
[49, 413]
[78, 384]
[357, 105]
[23, 438]
[48, 413]
[65, 396]
[338, 123]
[96, 365]
[179, 281]
[259, 201]
[310, 150]
[413, 47]
[76, 384]
[381, 79]
[365, 95]
[371, 89]
[359, 101]
[264, 195]
[178, 281]
[259, 200]
[381, 78]
[110, 349]
[413, 45]
[68, 390]
[357, 101]
[232, 225]
[249, 208]
[186, 271]
[310, 147]
[68, 389]
[117, 340]
[381, 76]
[334, 123]
[248, 208]
[255, 201]
[185, 271]
[186, 270]
[170, 286]
[23, 433]
[396, 60]
[349, 107]
[255, 200]
[186, 269]
[184, 271]
[185, 270]
[65, 390]
[117, 338]
[359, 96]
[246, 208]
[185, 269]
[184, 270]
[259, 195]
[413, 41]
[65, 389]
[349, 105]
[359, 95]
[365, 89]
[184, 269]
[357, 96]
[39, 413]
[441, 11]
[396, 56]
[68, 384]
[357, 95]
[38, 413]
[170, 281]
[55, 396]
[117, 334]
[242, 208]
[255, 195]
[201, 249]
[179, 271]
[186, 264]
[441, 9]
[413, 37]
[390, 60]
[340, 110]
[101, 349]
[371, 79]
[200, 249]
[201, 248]
[36, 413]
[178, 271]
[179, 270]
[185, 264]
[11, 438]
[389, 60]
[68, 381]
[65, 384]
[371, 78]
[200, 248]
[179, 269]
[178, 270]
[184, 264]
[338, 110]
[359, 89]
[237, 271]
[259, 249]
[170, 338]
[413, 95]
[359, 150]
[152, 357]
[68, 441]
[76, 433]
[96, 413]
[479, 31]
[246, 264]
[200, 310]
[170, 340]
[161, 349]
[152, 359]
[475, 36]
[479, 32]
[242, 269]
[286, 225]
[201, 310]
[433, 78]
[255, 249]
[357, 147]
[155, 349]
[170, 334]
[381, 123]
[1, 504]
[259, 246]
[310, 195]
[156, 349]
[359, 147]
[117, 389]
[237, 269]
[475, 31]
[264, 242]
[281, 225]
[68, 438]
[441, 65]
[396, 110]
[384, 123]
[117, 390]
[357, 150]
[32, 475]
[237, 270]
[259, 248]
[110, 390]
[255, 246]
[117, 384]
[232, 269]
[237, 264]
[259, 242]
[441, 60]
[68, 433]
[340, 161]
[152, 349]
[396, 105]
[232, 270]
[479, 23]
[413, 89]
[255, 248]
[232, 271]
[65, 438]
[396, 107]
[271, 225]
[232, 264]
[259, 237]
[186, 310]
[441, 55]
[340, 156]
[349, 147]
[107, 389]
[248, 249]
[255, 242]
[441, 56]
[101, 396]
[390, 107]
[475, 23]
[438, 60]
[65, 433]
[117, 381]
[338, 161]
[349, 150]
[110, 389]
[55, 438]
[433, 60]
[155, 338]
[255, 237]
[152, 340]
[413, 79]
[96, 396]
[249, 246]
[270, 225]
[185, 310]
[155, 340]
[334, 161]
[390, 105]
[248, 246]
[225, 269]
[208, 286]
[184, 310]
[56, 438]
[156, 338]
[371, 123]
[110, 384]
[389, 105]
[264, 225]
[281, 208]
[310, 179]
[441, 48]
[433, 56]
[413, 76]
[155, 334]
[384, 105]
[246, 242]
[365, 123]
[479, 9]
[310, 178]
[441, 47]
[55, 433]
[338, 150]
[117, 371]
[381, 107]
[249, 242]
[259, 232]
[413, 78]
[396, 95]
[101, 390]
[381, 110]
[384, 107]
[248, 242]
[479, 11]
[441, 49]
[340, 150]
[152, 338]
[156, 334]
[101, 389]
[237, 248]
[47, 438]
[338, 147]
[95, 390]
[396, 89]
[101, 384]
[96, 389]
[475, 9]
[259, 225]
[334, 150]
[95, 389]
[255, 232]
[201, 286]
[49, 438]
[340, 147]
[237, 249]
[475, 11]
[200, 286]
[441, 45]
[48, 438]
[152, 334]
[96, 390]
[381, 105]
[249, 232]
[200, 281]
[286, 195]
[48, 433]
[68, 413]
[334, 147]
[371, 110]
[255, 225]
[248, 232]
[357, 123]
[441, 39]
[479, 1]
[170, 310]
[433, 47]
[96, 384]
[237, 246]
[438, 45]
[359, 123]
[117, 365]
[201, 281]
[441, 41]
[49, 433]
[101, 381]
[161, 389]
[185, 365]
[117, 433]
[511, 39]
[281, 269]
[1, 549]
[264, 286]
[201, 349]
[371, 179]
[161, 390]
[155, 396]
[186, 365]
[281, 270]
[550, 1]
[504, 47]
[475, 76]
[441, 110]
[170, 381]
[152, 396]
[511, 37]
[340, 208]
[110, 438]
[441, 107]
[184, 365]
[511, 38]
[1, 548]
[504, 45]
[200, 349]
[371, 178]
[396, 150]
[156, 390]
[535, 11]
[338, 208]
[441, 105]
[511, 36]
[237, 310]
[68, 479]
[155, 389]
[179, 365]
[185, 359]
[535, 9]
[533, 11]
[479, 65]
[349, 195]
[161, 384]
[156, 389]
[155, 390]
[186, 359]
[264, 281]
[259, 286]
[23, 522]
[504, 41]
[107, 438]
[441, 117]
[357, 201]
[36, 522]
[549, 9]
[535, 23]
[248, 310]
[511, 47]
[479, 79]
[170, 389]
[359, 200]
[550, 9]
[548, 11]
[37, 522]
[249, 310]
[511, 48]
[504, 55]
[334, 225]
[178, 381]
[433, 123]
[270, 286]
[533, 23]
[310, 246]
[511, 45]
[185, 371]
[396, 161]
[357, 200]
[548, 9]
[271, 286]
[479, 78]
[349, 208]
[186, 371]
[170, 384]
[359, 195]
[32, 522]
[475, 79]
[117, 438]
[286, 269]
[479, 76]
[184, 371]
[156, 396]
[357, 195]
[281, 271]
[310, 242]
[511, 41]
[48, 504]
[522, 31]
[49, 504]
[475, 78]
[178, 389]
[359, 208]
[535, 32]
[281, 286]
[522, 45]
[511, 56]
[186, 381]
[170, 396]
[201, 365]
[535, 31]
[511, 55]
[232, 334]
[371, 195]
[185, 381]
[152, 413]
[200, 365]
[357, 208]
[533, 32]
[255, 310]
[340, 225]
[184, 381]
[441, 123]
[533, 31]
[504, 60]
[475, 89]
[179, 384]
[413, 150]
[41, 522]
[338, 225]
[178, 384]
[123, 438]
[39, 522]
[550, 11]
[170, 390]
[413, 147]
[365, 195]
[359, 201]
[38, 522]
[549, 11]
[49, 511]
[504, 56]
[381, 179]
[186, 389]
[185, 390]
[396, 179]
[237, 338]
[479, 96]
[185, 389]
[184, 390]
[396, 178]
[413, 161]
[535, 39]
[310, 264]
[533, 41]
[349, 225]
[479, 95]
[184, 389]
[365, 208]
[535, 38]
[1, 572]
[550, 23]
[533, 39]
[549, 23]
[1, 571]
[535, 37]
[68, 504]
[340, 232]
[201, 371]
[535, 36]
[533, 38]
[1, 570]
[548, 23]
[49, 522]
[511, 60]
[237, 334]
[475, 96]
[200, 371]
[186, 384]
[533, 37]
[48, 522]
[338, 232]
[475, 95]
[179, 390]
[185, 384]
[156, 413]
[533, 36]
[259, 310]
[47, 522]
[504, 65]
[179, 389]
[178, 390]
[184, 384]
[155, 413]
[479, 89]
[246, 270]
[479, 37]
[475, 41]
[338, 178]
[78, 438]
[152, 365]
[479, 38]
[248, 269]
[246, 271]
[338, 179]
[441, 76]
[79, 438]
[357, 161]
[479, 39]
[249, 269]
[248, 270]
[237, 281]
[232, 286]
[310, 208]
[340, 178]
[184, 334]
[371, 147]
[413, 105]
[396, 123]
[248, 271]
[249, 270]
[255, 264]
[340, 179]
[441, 78]
[170, 349]
[185, 334]
[123, 389]
[365, 147]
[357, 155]
[242, 270]
[248, 264]
[1, 511]
[475, 37]
[433, 79]
[178, 334]
[123, 390]
[117, 396]
[357, 156]
[38, 475]
[242, 271]
[249, 264]
[232, 281]
[504, 9]
[334, 179]
[155, 359]
[475, 39]
[255, 259]
[76, 438]
[101, 413]
[365, 150]
[359, 156]
[479, 36]
[246, 269]
[504, 11]
[255, 269]
[479, 45]
[49, 475]
[184, 340]
[186, 338]
[255, 270]
[185, 340]
[365, 161]
[255, 271]
[479, 47]
[186, 340]
[155, 371]
[170, 357]
[246, 281]
[504, 23]
[479, 48]
[178, 349]
[89, 438]
[156, 371]
[155, 365]
[359, 161]
[249, 271]
[511, 9]
[479, 41]
[475, 45]
[441, 79]
[186, 334]
[413, 107]
[156, 365]
[371, 150]
[511, 11]
[475, 47]
[184, 338]
[433, 89]
[281, 242]
[1, 522]
[237, 286]
[259, 264]
[48, 475]
[185, 338]
[152, 371]
[413, 110]
[11, 522]
[264, 269]
[338, 195]
[184, 349]
[95, 438]
[152, 381]
[246, 286]
[371, 161]
[170, 365]
[357, 178]
[504, 31]
[249, 286]
[264, 271]
[310, 225]
[479, 56]
[475, 60]
[340, 195]
[186, 349]
[201, 334]
[384, 150]
[533, 1]
[248, 286]
[511, 23]
[264, 270]
[479, 55]
[185, 349]
[200, 334]
[101, 433]
[96, 438]
[170, 359]
[248, 281]
[259, 270]
[334, 195]
[96, 433]
[242, 286]
[259, 269]
[479, 49]
[179, 349]
[433, 95]
[381, 147]
[384, 147]
[9, 522]
[475, 56]
[381, 150]
[117, 413]
[249, 281]
[259, 271]
[55, 475]
[441, 89]
[152, 389]
[357, 184]
[270, 271]
[255, 286]
[504, 37]
[340, 201]
[170, 371]
[390, 150]
[156, 384]
[504, 36]
[271, 269]
[259, 281]
[340, 200]
[475, 65]
[433, 107]
[396, 147]
[178, 365]
[184, 359]
[186, 357]
[504, 39]
[32, 511]
[68, 475]
[110, 433]
[438, 105]
[152, 390]
[357, 185]
[504, 38]
[511, 31]
[533, 9]
[232, 310]
[334, 208]
[441, 101]
[381, 161]
[147, 390]
[359, 178]
[441, 96]
[156, 381]
[147, 389]
[152, 384]
[413, 123]
[357, 179]
[32, 504]
[255, 281]
[1, 535]
[441, 95]
[155, 381]
[389, 150]
[155, 384]
[270, 269]
[479, 60]
[201, 338]
[101, 438]
[359, 179]
[200, 338]
[433, 105]
[39, 571]
[340, 270]
[38, 572]
[550, 60]
[178, 433]
[441, 170]
[246, 365]
[41, 570]
[340, 271]
[39, 572]
[89, 522]
[533, 78]
[535, 76]
[504, 107]
[170, 438]
[413, 195]
[359, 249]
[38, 570]
[37, 571]
[338, 270]
[36, 572]
[548, 60]
[259, 349]
[237, 371]
[384, 225]
[504, 105]
[340, 269]
[39, 570]
[338, 271]
[38, 571]
[37, 572]
[549, 60]
[533, 76]
[225, 389]
[201, 413]
[249, 365]
[255, 359]
[549, 65]
[535, 79]
[504, 110]
[390, 225]
[570, 45]
[334, 281]
[9, 606]
[550, 65]
[11, 604]
[592, 23]
[179, 433]
[255, 357]
[41, 571]
[23, 589]
[533, 79]
[511, 101]
[200, 413]
[248, 365]
[41, 572]
[9, 604]
[1, 612]
[548, 65]
[349, 264]
[535, 78]
[371, 242]
[232, 381]
[185, 433]
[349, 269]
[48, 570]
[571, 47]
[68, 550]
[259, 359]
[96, 522]
[237, 381]
[511, 107]
[186, 433]
[441, 178]
[49, 570]
[48, 571]
[349, 270]
[572, 47]
[338, 281]
[248, 371]
[178, 438]
[232, 384]
[511, 105]
[571, 45]
[68, 548]
[357, 259]
[179, 438]
[184, 433]
[47, 570]
[572, 45]
[68, 549]
[11, 606]
[95, 522]
[371, 246]
[184, 438]
[232, 390]
[475, 147]
[533, 89]
[185, 438]
[592, 31]
[612, 11]
[359, 264]
[101, 522]
[381, 242]
[441, 179]
[255, 365]
[589, 31]
[349, 271]
[49, 571]
[48, 572]
[334, 286]
[371, 249]
[232, 389]
[237, 384]
[396, 225]
[413, 208]
[117, 504]
[32, 589]
[49, 572]
[340, 281]
[612, 9]
[357, 264]
[511, 110]
[186, 441]
[237, 390]
[152, 475]
[504, 123]
[38, 589]
[56, 571]
[357, 270]
[55, 572]
[549, 78]
[548, 79]
[23, 604]
[522, 105]
[246, 381]
[441, 185]
[237, 389]
[384, 242]
[479, 147]
[357, 269]
[56, 570]
[55, 571]
[550, 76]
[548, 78]
[340, 286]
[37, 589]
[255, 371]
[441, 184]
[475, 150]
[36, 589]
[55, 570]
[549, 76]
[186, 438]
[592, 32]
[548, 76]
[338, 286]
[259, 365]
[535, 89]
[242, 389]
[156, 475]
[152, 479]
[592, 39]
[571, 60]
[535, 96]
[246, 384]
[155, 475]
[592, 38]
[570, 60]
[359, 271]
[349, 281]
[259, 371]
[41, 589]
[535, 95]
[249, 381]
[479, 150]
[359, 270]
[550, 79]
[23, 606]
[365, 264]
[592, 37]
[107, 522]
[533, 96]
[248, 381]
[433, 195]
[232, 396]
[117, 511]
[592, 36]
[39, 589]
[359, 269]
[357, 271]
[56, 572]
[549, 79]
[550, 78]
[533, 95]
[246, 389]
[479, 156]
[604, 31]
[65, 570]
[365, 270]
[349, 286]
[612, 23]
[371, 264]
[201, 433]
[479, 155]
[511, 123]
[365, 269]
[589, 45]
[533, 101]
[195, 438]
[200, 433]
[249, 384]
[237, 396]
[592, 41]
[242, 390]
[248, 384]
[572, 60]
[110, 522]
[201, 438]
[249, 390]
[255, 384]
[68, 571]
[550, 89]
[592, 47]
[117, 522]
[200, 438]
[249, 389]
[248, 390]
[396, 242]
[413, 225]
[32, 606]
[68, 570]
[357, 281]
[549, 89]
[533, 105]
[49, 589]
[248, 389]
[31, 606]
[65, 572]
[548, 89]
[592, 45]
[48, 589]
[475, 161]
[441, 195]
[246, 390]
[32, 604]
[365, 271]
[65, 571]
[589, 47]
[535, 101]
[255, 381]
[186, 390]
[535, 41]
[511, 65]
[334, 242]
[101, 475]
[381, 195]
[55, 522]
[237, 340]
[56, 522]
[533, 45]
[384, 195]
[310, 269]
[9, 570]
[548, 31]
[68, 511]
[371, 208]
[433, 147]
[184, 396]
[475, 105]
[310, 270]
[9, 571]
[549, 31]
[32, 548]
[533, 47]
[535, 45]
[338, 242]
[504, 76]
[246, 334]
[479, 101]
[185, 396]
[310, 271]
[11, 570]
[9, 572]
[32, 549]
[550, 31]
[533, 48]
[232, 349]
[200, 381]
[186, 396]
[357, 225]
[11, 571]
[550, 32]
[535, 47]
[522, 60]
[533, 49]
[340, 242]
[504, 78]
[248, 334]
[201, 381]
[475, 107]
[433, 150]
[170, 413]
[572, 11]
[535, 48]
[504, 79]
[249, 334]
[195, 389]
[200, 384]
[359, 225]
[479, 105]
[548, 36]
[535, 49]
[338, 246]
[390, 195]
[201, 384]
[147, 438]
[152, 433]
[549, 36]
[548, 37]
[475, 110]
[549, 37]
[550, 36]
[548, 38]
[340, 246]
[338, 248]
[237, 349]
[479, 107]
[549, 38]
[550, 37]
[548, 39]
[65, 522]
[338, 249]
[511, 76]
[438, 150]
[441, 147]
[155, 433]
[549, 39]
[550, 38]
[533, 55]
[340, 248]
[200, 389]
[156, 433]
[357, 232]
[550, 39]
[548, 41]
[533, 56]
[340, 249]
[511, 78]
[255, 334]
[479, 110]
[381, 208]
[201, 389]
[200, 390]
[152, 438]
[365, 225]
[549, 41]
[1, 589]
[68, 522]
[535, 55]
[511, 79]
[441, 150]
[201, 390]
[396, 195]
[413, 178]
[359, 232]
[310, 281]
[550, 41]
[535, 56]
[349, 242]
[155, 438]
[152, 441]
[592, 1]
[548, 45]
[259, 334]
[23, 570]
[533, 60]
[255, 338]
[504, 89]
[384, 208]
[413, 179]
[117, 475]
[550, 45]
[548, 47]
[23, 572]
[535, 60]
[255, 340]
[246, 349]
[433, 161]
[156, 438]
[357, 237]
[549, 45]
[23, 571]
[208, 389]
[201, 396]
[441, 156]
[184, 413]
[232, 365]
[48, 549]
[550, 47]
[49, 548]
[259, 338]
[248, 349]
[200, 396]
[441, 155]
[237, 359]
[479, 117]
[549, 47]
[548, 48]
[310, 286]
[371, 225]
[161, 438]
[186, 413]
[357, 242]
[550, 49]
[259, 340]
[504, 95]
[208, 390]
[185, 413]
[475, 123]
[9, 589]
[49, 549]
[550, 48]
[334, 264]
[76, 522]
[533, 65]
[249, 349]
[359, 242]
[570, 31]
[592, 9]
[79, 522]
[68, 533]
[11, 589]
[78, 522]
[535, 65]
[511, 89]
[504, 96]
[170, 433]
[357, 246]
[334, 269]
[32, 571]
[572, 31]
[548, 55]
[592, 11]
[68, 535]
[371, 232]
[441, 161]
[479, 123]
[237, 365]
[32, 570]
[571, 31]
[338, 264]
[359, 246]
[357, 248]
[334, 271]
[549, 56]
[550, 55]
[1, 604]
[101, 504]
[396, 208]
[334, 270]
[32, 572]
[549, 55]
[548, 56]
[340, 264]
[255, 349]
[365, 242]
[359, 248]
[338, 269]
[37, 570]
[36, 571]
[1, 606]
[511, 96]
[357, 249]
[36, 570]
[550, 56]
[511, 95]
[381, 225]
[479, 208]
[249, 438]
[441, 246]
[117, 570]
[664, 23]
[152, 535]
[338, 349]
[592, 95]
[248, 438]
[9, 677]
[152, 533]
[535, 150]
[79, 606]
[96, 589]
[246, 438]
[413, 271]
[78, 606]
[95, 589]
[475, 208]
[504, 179]
[441, 242]
[413, 270]
[161, 522]
[533, 150]
[334, 349]
[79, 604]
[504, 178]
[249, 433]
[413, 269]
[110, 572]
[1, 681]
[396, 286]
[535, 147]
[76, 606]
[78, 604]
[248, 433]
[170, 511]
[110, 571]
[371, 310]
[592, 89]
[479, 201]
[242, 438]
[110, 570]
[533, 147]
[68, 612]
[76, 604]
[479, 200]
[246, 433]
[572, 107]
[441, 237]
[571, 107]
[1, 677]
[156, 522]
[340, 338]
[89, 589]
[107, 570]
[572, 105]
[396, 281]
[413, 264]
[155, 522]
[65, 612]
[201, 475]
[571, 105]
[390, 286]
[475, 200]
[237, 438]
[433, 242]
[570, 105]
[664, 11]
[286, 389]
[310, 365]
[479, 195]
[170, 504]
[152, 522]
[68, 606]
[340, 334]
[441, 232]
[101, 572]
[664, 9]
[550, 123]
[511, 161]
[101, 571]
[549, 123]
[259, 413]
[150, 522]
[612, 60]
[68, 604]
[338, 334]
[664, 38]
[433, 269]
[264, 438]
[152, 550]
[96, 606]
[592, 110]
[664, 39]
[433, 270]
[694, 9]
[548, 155]
[533, 170]
[338, 365]
[475, 225]
[664, 36]
[550, 150]
[152, 548]
[441, 259]
[23, 677]
[310, 390]
[178, 522]
[96, 604]
[152, 549]
[664, 37]
[179, 522]
[612, 89]
[95, 606]
[548, 150]
[504, 195]
[549, 150]
[413, 286]
[310, 389]
[359, 340]
[334, 365]
[95, 604]
[110, 589]
[592, 107]
[511, 185]
[255, 441]
[32, 664]
[549, 147]
[535, 161]
[589, 107]
[186, 511]
[433, 264]
[550, 147]
[259, 438]
[357, 340]
[359, 338]
[592, 105]
[123, 571]
[413, 281]
[310, 384]
[533, 161]
[589, 105]
[184, 511]
[664, 31]
[572, 123]
[1, 694]
[548, 147]
[357, 338]
[89, 606]
[681, 11]
[259, 433]
[170, 522]
[255, 438]
[123, 570]
[359, 334]
[89, 604]
[592, 101]
[511, 179]
[186, 504]
[441, 249]
[681, 9]
[535, 155]
[612, 78]
[101, 589]
[310, 381]
[535, 156]
[612, 79]
[357, 334]
[184, 504]
[255, 433]
[117, 571]
[677, 11]
[533, 155]
[612, 76]
[592, 96]
[511, 178]
[185, 504]
[441, 248]
[117, 572]
[533, 156]
[340, 349]
[475, 178]
[384, 269]
[548, 105]
[264, 389]
[612, 41]
[47, 606]
[49, 604]
[381, 271]
[371, 281]
[117, 535]
[48, 604]
[592, 60]
[413, 242]
[384, 271]
[550, 105]
[548, 107]
[259, 396]
[49, 606]
[475, 179]
[504, 150]
[384, 270]
[549, 105]
[264, 390]
[48, 606]
[65, 589]
[441, 208]
[479, 170]
[79, 570]
[78, 571]
[548, 101]
[259, 390]
[612, 37]
[604, 45]
[589, 60]
[612, 36]
[78, 570]
[76, 572]
[259, 389]
[264, 384]
[338, 310]
[592, 56]
[504, 147]
[255, 396]
[39, 612]
[381, 270]
[79, 572]
[550, 101]
[365, 286]
[604, 47]
[606, 45]
[237, 413]
[38, 612]
[381, 269]
[79, 571]
[78, 572]
[101, 549]
[340, 310]
[533, 117]
[170, 475]
[255, 390]
[249, 396]
[232, 413]
[39, 606]
[549, 96]
[550, 95]
[359, 286]
[381, 264]
[41, 604]
[123, 522]
[535, 110]
[56, 589]
[255, 389]
[248, 396]
[38, 606]
[32, 612]
[549, 95]
[548, 96]
[310, 334]
[55, 589]
[76, 571]
[41, 606]
[592, 55]
[208, 438]
[76, 570]
[365, 281]
[550, 96]
[433, 208]
[441, 200]
[371, 270]
[37, 604]
[592, 49]
[479, 161]
[36, 604]
[371, 269]
[68, 572]
[359, 281]
[259, 381]
[533, 107]
[535, 105]
[592, 48]
[39, 604]
[612, 31]
[548, 95]
[357, 286]
[259, 384]
[37, 606]
[533, 110]
[441, 201]
[396, 246]
[36, 606]
[38, 604]
[371, 271]
[535, 107]
[255, 413]
[96, 572]
[612, 56]
[592, 76]
[79, 589]
[359, 310]
[147, 522]
[65, 604]
[475, 195]
[232, 438]
[237, 433]
[281, 389]
[384, 286]
[592, 78]
[101, 570]
[281, 390]
[548, 123]
[65, 606]
[592, 79]
[479, 185]
[604, 60]
[186, 479]
[504, 161]
[232, 433]
[396, 269]
[95, 570]
[281, 384]
[1, 664]
[117, 548]
[76, 589]
[441, 225]
[511, 155]
[96, 570]
[95, 571]
[396, 270]
[117, 549]
[606, 60]
[511, 156]
[396, 271]
[96, 571]
[95, 572]
[550, 117]
[381, 286]
[357, 310]
[55, 612]
[78, 589]
[185, 475]
[504, 156]
[271, 389]
[89, 571]
[270, 390]
[550, 110]
[396, 264]
[48, 612]
[56, 604]
[68, 592]
[186, 475]
[511, 150]
[248, 413]
[390, 271]
[572, 89]
[49, 612]
[55, 606]
[249, 413]
[381, 281]
[56, 606]
[479, 184]
[225, 438]
[152, 511]
[152, 504]
[549, 107]
[533, 123]
[479, 178]
[550, 107]
[371, 286]
[612, 45]
[68, 589]
[592, 65]
[479, 179]
[433, 225]
[511, 147]
[389, 269]
[548, 110]
[535, 123]
[184, 475]
[155, 504]
[413, 246]
[390, 269]
[89, 570]
[270, 389]
[549, 110]
[310, 349]
[612, 47]
[55, 604]
[592, 155]
[357, 390]
[225, 522]
[413, 334]
[504, 242]
[357, 389]
[475, 271]
[65, 681]
[381, 365]
[475, 270]
[550, 195]
[68, 677]
[396, 349]
[156, 589]
[152, 592]
[475, 269]
[549, 195]
[703, 41]
[155, 589]
[147, 604]
[179, 572]
[550, 201]
[1, 750]
[11, 740]
[441, 310]
[703, 48]
[338, 413]
[504, 246]
[479, 271]
[179, 571]
[178, 572]
[549, 201]
[550, 200]
[1, 749]
[703, 47]
[694, 56]
[161, 589]
[365, 384]
[359, 390]
[179, 570]
[178, 571]
[479, 270]
[9, 740]
[549, 200]
[548, 201]
[55, 694]
[68, 681]
[237, 511]
[359, 389]
[592, 156]
[479, 269]
[178, 570]
[548, 200]
[310, 438]
[703, 45]
[592, 147]
[703, 36]
[475, 264]
[694, 45]
[349, 390]
[589, 150]
[479, 259]
[349, 389]
[357, 381]
[681, 56]
[677, 60]
[504, 232]
[511, 225]
[186, 550]
[535, 201]
[55, 681]
[340, 396]
[371, 365]
[147, 589]
[511, 232]
[359, 384]
[479, 264]
[548, 195]
[310, 433]
[49, 694]
[535, 208]
[664, 79]
[592, 150]
[703, 39]
[170, 572]
[48, 694]
[65, 677]
[664, 78]
[237, 504]
[357, 384]
[703, 38]
[170, 571]
[1, 740]
[694, 47]
[533, 208]
[681, 60]
[152, 589]
[170, 570]
[703, 37]
[664, 76]
[359, 381]
[156, 606]
[170, 592]
[68, 694]
[612, 150]
[413, 349]
[259, 504]
[23, 740]
[703, 60]
[511, 249]
[156, 604]
[479, 281]
[749, 11]
[535, 225]
[681, 79]
[664, 96]
[371, 389]
[155, 606]
[396, 365]
[750, 11]
[475, 286]
[371, 390]
[255, 511]
[571, 195]
[677, 89]
[161, 606]
[572, 195]
[535, 232]
[155, 612]
[334, 433]
[371, 396]
[178, 589]
[242, 522]
[152, 612]
[161, 604]
[570, 195]
[479, 286]
[533, 232]
[101, 664]
[381, 384]
[604, 150]
[365, 389]
[184, 570]
[232, 522]
[694, 60]
[365, 390]
[359, 396]
[185, 570]
[184, 571]
[677, 78]
[371, 384]
[504, 248]
[703, 49]
[371, 381]
[504, 249]
[511, 242]
[147, 606]
[592, 161]
[357, 396]
[340, 413]
[76, 677]
[664, 89]
[152, 606]
[186, 572]
[749, 9]
[550, 208]
[533, 225]
[703, 55]
[255, 504]
[511, 248]
[155, 604]
[750, 9]
[237, 522]
[703, 56]
[65, 694]
[612, 147]
[681, 78]
[664, 95]
[170, 589]
[150, 606]
[152, 604]
[186, 570]
[185, 571]
[184, 572]
[475, 281]
[548, 208]
[677, 79]
[511, 246]
[186, 571]
[185, 572]
[549, 208]
[681, 76]
[36, 677]
[32, 681]
[49, 664]
[535, 178]
[101, 612]
[107, 606]
[504, 208]
[237, 475]
[511, 201]
[681, 31]
[441, 271]
[703, 9]
[533, 179]
[48, 664]
[123, 589]
[592, 123]
[38, 677]
[381, 334]
[433, 281]
[703, 11]
[37, 677]
[535, 179]
[365, 349]
[110, 604]
[475, 242]
[681, 36]
[147, 570]
[23, 694]
[195, 522]
[533, 184]
[612, 105]
[479, 237]
[357, 359]
[39, 677]
[110, 606]
[511, 208]
[38, 681]
[147, 572]
[281, 438]
[170, 549]
[433, 286]
[186, 533]
[184, 535]
[664, 55]
[338, 381]
[612, 107]
[147, 571]
[170, 548]
[681, 37]
[677, 41]
[533, 185]
[334, 384]
[504, 201]
[549, 156]
[550, 155]
[694, 11]
[441, 264]
[664, 41]
[170, 535]
[340, 365]
[371, 334]
[101, 604]
[504, 200]
[479, 225]
[433, 271]
[155, 549]
[703, 1]
[548, 156]
[681, 23]
[475, 232]
[438, 269]
[185, 522]
[612, 95]
[101, 606]
[511, 195]
[550, 156]
[396, 310]
[184, 522]
[357, 349]
[117, 589]
[592, 117]
[32, 677]
[271, 438]
[548, 161]
[664, 45]
[338, 371]
[604, 105]
[677, 31]
[270, 438]
[186, 522]
[96, 612]
[359, 349]
[511, 200]
[479, 232]
[441, 270]
[550, 161]
[664, 47]
[533, 178]
[340, 371]
[604, 107]
[606, 105]
[441, 269]
[549, 161]
[479, 249]
[156, 572]
[549, 179]
[550, 178]
[681, 47]
[533, 195]
[338, 390]
[357, 371]
[504, 225]
[123, 606]
[550, 179]
[48, 681]
[340, 389]
[664, 65]
[117, 612]
[255, 475]
[36, 694]
[208, 522]
[49, 681]
[535, 195]
[340, 390]
[381, 349]
[396, 334]
[359, 371]
[161, 570]
[37, 694]
[38, 694]
[161, 571]
[184, 548]
[55, 677]
[68, 664]
[39, 694]
[161, 572]
[184, 549]
[548, 185]
[533, 200]
[677, 56]
[349, 384]
[255, 479]
[703, 31]
[185, 549]
[550, 184]
[186, 548]
[259, 475]
[533, 201]
[338, 396]
[703, 32]
[186, 549]
[550, 185]
[694, 41]
[535, 200]
[612, 123]
[39, 681]
[570, 150]
[550, 170]
[535, 185]
[664, 56]
[371, 349]
[475, 246]
[479, 242]
[117, 604]
[571, 150]
[186, 535]
[340, 381]
[357, 365]
[152, 570]
[572, 150]
[441, 281]
[681, 41]
[200, 522]
[677, 45]
[338, 384]
[612, 110]
[475, 248]
[117, 606]
[152, 571]
[413, 310]
[201, 522]
[334, 389]
[475, 249]
[359, 365]
[152, 572]
[286, 438]
[677, 47]
[664, 60]
[340, 384]
[334, 390]
[479, 246]
[694, 31]
[155, 570]
[48, 677]
[32, 694]
[156, 570]
[155, 571]
[548, 178]
[703, 23]
[681, 45]
[49, 677]
[479, 248]
[123, 604]
[156, 571]
[155, 572]
[549, 178]
[548, 179]
[441, 286]
[338, 389]
[32, 789]
[249, 572]
[550, 271]
[535, 286]
[511, 310]
[49, 772]
[232, 589]
[664, 156]
[703, 117]
[789, 31]
[249, 571]
[248, 572]
[11, 809]
[549, 271]
[550, 270]
[772, 48]
[612, 208]
[433, 390]
[433, 389]
[384, 438]
[441, 381]
[433, 384]
[694, 123]
[592, 225]
[246, 571]
[548, 269]
[772, 45]
[68, 749]
[479, 338]
[152, 664]
[246, 570]
[535, 281]
[76, 740]
[155, 664]
[249, 570]
[248, 571]
[549, 270]
[550, 269]
[548, 271]
[533, 286]
[772, 47]
[479, 340]
[79, 740]
[381, 438]
[248, 570]
[246, 572]
[9, 809]
[549, 269]
[548, 270]
[68, 750]
[78, 740]
[396, 433]
[152, 677]
[604, 225]
[592, 237]
[548, 281]
[259, 570]
[750, 79]
[89, 740]
[390, 438]
[681, 147]
[789, 39]
[772, 56]
[750, 78]
[479, 349]
[749, 79]
[441, 390]
[681, 150]
[225, 606]
[550, 281]
[259, 572]
[242, 589]
[441, 389]
[789, 41]
[549, 281]
[259, 571]
[664, 161]
[441, 384]
[789, 36]
[255, 570]
[1, 824]
[749, 76]
[677, 147]
[592, 232]
[475, 349]
[438, 389]
[677, 150]
[789, 38]
[255, 572]
[772, 55]
[749, 78]
[703, 123]
[789, 37]
[255, 571]
[750, 76]
[237, 589]
[200, 604]
[681, 123]
[772, 32]
[535, 269]
[533, 271]
[232, 572]
[255, 549]
[55, 749]
[703, 101]
[371, 433]
[694, 110]
[201, 604]
[535, 270]
[550, 255]
[55, 750]
[749, 56]
[65, 740]
[200, 606]
[441, 365]
[535, 271]
[750, 56]
[201, 606]
[237, 570]
[259, 548]
[612, 195]
[677, 123]
[441, 359]
[592, 208]
[789, 11]
[740, 60]
[195, 606]
[694, 107]
[413, 389]
[533, 269]
[232, 570]
[413, 390]
[365, 438]
[772, 31]
[232, 571]
[533, 270]
[281, 522]
[255, 548]
[208, 604]
[242, 570]
[548, 264]
[789, 23]
[200, 612]
[441, 371]
[242, 571]
[549, 264]
[772, 41]
[475, 338]
[201, 612]
[479, 334]
[703, 110]
[664, 150]
[208, 606]
[572, 242]
[533, 281]
[550, 264]
[504, 310]
[65, 749]
[381, 433]
[589, 225]
[340, 475]
[750, 65]
[772, 36]
[237, 571]
[259, 549]
[286, 522]
[68, 740]
[703, 105]
[396, 413]
[237, 572]
[550, 259]
[772, 37]
[749, 60]
[475, 334]
[371, 438]
[772, 38]
[1, 809]
[750, 60]
[703, 107]
[664, 147]
[117, 694]
[772, 39]
[185, 606]
[522, 269]
[549, 242]
[750, 41]
[612, 179]
[681, 110]
[184, 606]
[186, 604]
[357, 433]
[1, 789]
[548, 242]
[504, 286]
[749, 41]
[255, 535]
[612, 178]
[441, 349]
[96, 694]
[201, 589]
[185, 604]
[750, 39]
[479, 310]
[49, 740]
[694, 95]
[200, 589]
[184, 604]
[39, 749]
[38, 750]
[533, 255]
[48, 740]
[681, 107]
[664, 123]
[592, 195]
[38, 749]
[550, 237]
[750, 37]
[47, 740]
[349, 438]
[110, 677]
[396, 390]
[750, 36]
[237, 549]
[264, 522]
[749, 37]
[681, 105]
[396, 389]
[179, 606]
[749, 36]
[504, 281]
[237, 548]
[475, 310]
[740, 45]
[178, 606]
[535, 249]
[371, 413]
[677, 107]
[589, 195]
[604, 195]
[550, 249]
[535, 264]
[49, 750]
[703, 96]
[694, 105]
[433, 365]
[117, 681]
[441, 357]
[789, 9]
[549, 249]
[550, 248]
[49, 749]
[48, 750]
[186, 612]
[703, 95]
[413, 384]
[359, 438]
[572, 225]
[549, 248]
[548, 249]
[511, 286]
[533, 264]
[750, 47]
[48, 749]
[185, 612]
[208, 589]
[571, 225]
[550, 246]
[548, 248]
[749, 47]
[56, 740]
[184, 612]
[357, 438]
[570, 225]
[549, 246]
[772, 23]
[750, 45]
[55, 740]
[101, 694]
[117, 677]
[548, 246]
[259, 535]
[749, 45]
[413, 381]
[592, 201]
[271, 522]
[186, 606]
[359, 433]
[592, 200]
[270, 522]
[511, 281]
[550, 242]
[533, 259]
[703, 89]
[384, 390]
[170, 604]
[504, 270]
[549, 225]
[664, 110]
[185, 589]
[504, 271]
[511, 264]
[550, 225]
[533, 242]
[441, 334]
[186, 589]
[359, 413]
[32, 740]
[201, 571]
[200, 572]
[749, 23]
[237, 535]
[694, 78]
[334, 438]
[677, 95]
[384, 389]
[504, 269]
[201, 572]
[1, 772]
[548, 225]
[750, 23]
[340, 433]
[612, 161]
[694, 79]
[96, 677]
[184, 589]
[592, 178]
[357, 413]
[200, 570]
[259, 511]
[248, 522]
[533, 237]
[694, 76]
[681, 89]
[381, 389]
[592, 179]
[31, 740]
[201, 570]
[200, 571]
[249, 522]
[68, 703]
[338, 433]
[381, 390]
[664, 107]
[504, 264]
[246, 522]
[703, 65]
[156, 612]
[179, 589]
[664, 105]
[178, 604]
[32, 750]
[511, 271]
[550, 232]
[533, 249]
[170, 612]
[433, 349]
[703, 79]
[101, 681]
[677, 105]
[179, 604]
[772, 11]
[535, 248]
[694, 89]
[396, 384]
[511, 269]
[749, 31]
[572, 208]
[548, 232]
[117, 664]
[32, 749]
[750, 31]
[511, 270]
[772, 9]
[549, 232]
[259, 522]
[41, 740]
[533, 248]
[535, 246]
[441, 340]
[703, 78]
[413, 365]
[186, 592]
[38, 740]
[208, 570]
[340, 438]
[101, 677]
[390, 389]
[39, 740]
[208, 571]
[533, 246]
[441, 338]
[703, 76]
[170, 606]
[592, 184]
[36, 740]
[338, 438]
[681, 95]
[592, 185]
[37, 740]
[255, 522]
[535, 242]
[681, 96]
[396, 381]
[703, 178]
[200, 681]
[612, 269]
[310, 571]
[359, 522]
[186, 694]
[310, 570]
[56, 824]
[612, 271]
[549, 334]
[703, 179]
[201, 681]
[612, 270]
[310, 572]
[548, 334]
[533, 349]
[772, 110]
[511, 371]
[677, 208]
[789, 96]
[76, 809]
[281, 604]
[504, 381]
[789, 95]
[550, 334]
[824, 60]
[535, 349]
[147, 740]
[703, 184]
[32, 855]
[78, 809]
[281, 606]
[549, 338]
[365, 522]
[855, 31]
[1, 885]
[548, 338]
[664, 225]
[694, 195]
[186, 703]
[681, 208]
[340, 549]
[65, 824]
[117, 772]
[504, 384]
[703, 185]
[475, 413]
[79, 809]
[550, 338]
[548, 340]
[855, 36]
[150, 740]
[789, 101]
[550, 340]
[604, 286]
[533, 357]
[504, 389]
[855, 38]
[612, 281]
[371, 522]
[152, 740]
[479, 413]
[68, 824]
[286, 606]
[855, 37]
[533, 359]
[357, 535]
[511, 381]
[511, 384]
[201, 694]
[155, 740]
[772, 123]
[504, 390]
[200, 694]
[855, 39]
[789, 105]
[885, 9]
[535, 359]
[664, 200]
[475, 389]
[170, 694]
[703, 161]
[55, 809]
[855, 9]
[201, 664]
[475, 390]
[184, 681]
[789, 76]
[56, 809]
[41, 824]
[259, 606]
[185, 681]
[117, 749]
[855, 11]
[186, 681]
[117, 750]
[789, 78]
[533, 334]
[772, 95]
[255, 612]
[479, 389]
[357, 511]
[789, 79]
[264, 604]
[772, 96]
[479, 390]
[504, 365]
[809, 60]
[824, 45]
[535, 334]
[511, 359]
[281, 589]
[264, 606]
[433, 438]
[475, 396]
[47, 824]
[259, 612]
[349, 522]
[533, 338]
[664, 208]
[178, 694]
[677, 195]
[749, 123]
[48, 824]
[694, 179]
[170, 703]
[750, 123]
[604, 269]
[592, 281]
[49, 824]
[533, 340]
[772, 101]
[535, 338]
[441, 433]
[65, 809]
[270, 604]
[479, 396]
[606, 269]
[604, 271]
[589, 286]
[535, 340]
[504, 371]
[681, 195]
[511, 365]
[270, 606]
[612, 264]
[200, 677]
[271, 606]
[68, 809]
[772, 105]
[184, 694]
[201, 677]
[789, 89]
[592, 286]
[855, 23]
[441, 438]
[185, 694]
[55, 824]
[357, 522]
[772, 107]
[413, 438]
[170, 681]
[281, 570]
[592, 259]
[772, 79]
[511, 340]
[101, 750]
[186, 664]
[156, 694]
[703, 147]
[246, 604]
[41, 809]
[772, 78]
[101, 749]
[479, 371]
[110, 740]
[185, 664]
[155, 694]
[789, 60]
[511, 338]
[237, 612]
[184, 664]
[242, 606]
[39, 809]
[259, 589]
[772, 76]
[694, 161]
[152, 703]
[178, 677]
[249, 606]
[750, 105]
[824, 31]
[441, 413]
[248, 606]
[749, 105]
[789, 65]
[809, 45]
[612, 242]
[703, 150]
[249, 604]
[281, 572]
[264, 589]
[504, 349]
[246, 606]
[248, 604]
[281, 571]
[664, 195]
[475, 384]
[703, 156]
[681, 178]
[255, 604]
[270, 589]
[549, 310]
[749, 110]
[703, 155]
[589, 269]
[49, 809]
[548, 310]
[572, 286]
[612, 246]
[117, 740]
[68, 789]
[48, 809]
[571, 286]
[750, 107]
[179, 677]
[47, 809]
[1, 855]
[32, 824]
[570, 286]
[592, 264]
[334, 522]
[475, 381]
[749, 107]
[479, 384]
[186, 677]
[123, 740]
[359, 504]
[592, 271]
[39, 824]
[259, 604]
[185, 677]
[592, 270]
[38, 824]
[340, 522]
[184, 677]
[255, 606]
[357, 504]
[592, 269]
[37, 824]
[772, 89]
[612, 249]
[681, 179]
[589, 271]
[550, 310]
[36, 824]
[338, 522]
[248, 612]
[511, 349]
[750, 110]
[479, 381]
[170, 664]
[396, 438]
[359, 475]
[592, 242]
[789, 45]
[548, 286]
[264, 570]
[11, 824]
[549, 286]
[264, 571]
[95, 740]
[246, 589]
[155, 677]
[357, 475]
[23, 809]
[310, 522]
[772, 60]
[156, 677]
[152, 681]
[9, 824]
[161, 677]
[232, 606]
[479, 359]
[592, 246]
[49, 789]
[504, 334]
[749, 89]
[249, 589]
[570, 269]
[750, 89]
[155, 681]
[232, 604]
[479, 357]
[789, 47]
[550, 286]
[264, 572]
[96, 740]
[441, 396]
[156, 681]
[789, 48]
[772, 65]
[612, 225]
[248, 589]
[664, 178]
[681, 161]
[571, 271]
[572, 270]
[504, 338]
[664, 179]
[237, 606]
[572, 271]
[533, 310]
[475, 365]
[592, 248]
[809, 31]
[571, 269]
[270, 570]
[68, 772]
[694, 147]
[237, 604]
[592, 249]
[570, 271]
[32, 809]
[571, 270]
[572, 269]
[101, 740]
[152, 694]
[413, 433]
[242, 604]
[37, 809]
[750, 96]
[475, 371]
[170, 677]
[255, 592]
[38, 809]
[23, 824]
[107, 740]
[694, 150]
[479, 365]
[789, 55]
[340, 504]
[612, 232]
[749, 95]
[255, 589]
[740, 105]
[789, 56]
[36, 809]
[535, 310]
[511, 334]
[750, 95]
[749, 96]
[147, 809]
[384, 572]
[184, 772]
[101, 855]
[749, 208]
[592, 365]
[956, 1]
[772, 185]
[750, 208]
[255, 703]
[677, 281]
[694, 264]
[186, 772]
[170, 789]
[570, 389]
[809, 150]
[441, 511]
[703, 249]
[681, 271]
[381, 571]
[340, 612]
[381, 572]
[259, 694]
[68, 885]
[349, 604]
[479, 475]
[384, 570]
[365, 589]
[384, 571]
[433, 522]
[349, 606]
[208, 740]
[677, 271]
[535, 413]
[359, 589]
[200, 749]
[511, 438]
[255, 694]
[703, 246]
[592, 357]
[200, 750]
[201, 749]
[789, 161]
[681, 269]
[664, 286]
[772, 178]
[885, 65]
[338, 612]
[855, 95]
[201, 750]
[703, 248]
[592, 359]
[381, 570]
[681, 270]
[772, 179]
[855, 96]
[749, 195]
[511, 433]
[789, 155]
[548, 396]
[340, 604]
[338, 606]
[855, 89]
[750, 195]
[441, 504]
[703, 242]
[789, 156]
[664, 281]
[549, 396]
[681, 264]
[885, 60]
[677, 269]
[550, 396]
[533, 413]
[340, 606]
[612, 334]
[357, 589]
[677, 270]
[123, 824]
[201, 740]
[152, 789]
[371, 570]
[117, 824]
[677, 264]
[885, 56]
[592, 349]
[200, 740]
[246, 694]
[703, 237]
[550, 390]
[259, 681]
[885, 55]
[334, 606]
[249, 694]
[371, 572]
[504, 438]
[248, 694]
[371, 571]
[170, 772]
[338, 604]
[504, 433]
[365, 572]
[548, 389]
[186, 750]
[694, 242]
[255, 681]
[789, 147]
[365, 571]
[259, 677]
[789, 150]
[549, 390]
[550, 389]
[549, 389]
[548, 390]
[349, 589]
[334, 604]
[184, 749]
[664, 269]
[549, 384]
[772, 161]
[48, 885]
[855, 78]
[255, 677]
[123, 809]
[548, 384]
[885, 47]
[592, 340]
[195, 740]
[185, 750]
[186, 749]
[703, 232]
[365, 570]
[664, 271]
[413, 522]
[185, 749]
[184, 750]
[664, 270]
[550, 384]
[110, 824]
[49, 885]
[855, 79]
[750, 179]
[248, 681]
[359, 570]
[357, 572]
[548, 381]
[824, 105]
[533, 396]
[340, 589]
[749, 179]
[750, 178]
[703, 225]
[357, 571]
[664, 264]
[772, 156]
[237, 694]
[359, 572]
[550, 381]
[107, 824]
[535, 396]
[855, 76]
[681, 249]
[359, 571]
[549, 381]
[885, 45]
[592, 338]
[186, 740]
[232, 694]
[249, 677]
[117, 809]
[885, 41]
[592, 334]
[749, 178]
[681, 246]
[357, 570]
[772, 155]
[338, 589]
[184, 740]
[511, 413]
[885, 39]
[152, 772]
[535, 389]
[185, 740]
[248, 677]
[101, 824]
[535, 390]
[885, 37]
[612, 310]
[533, 389]
[772, 150]
[246, 677]
[681, 242]
[885, 38]
[259, 664]
[533, 390]
[68, 855]
[334, 589]
[479, 441]
[170, 750]
[349, 571]
[549, 371]
[96, 824]
[855, 65]
[885, 36]
[349, 572]
[550, 371]
[178, 740]
[237, 681]
[396, 522]
[179, 740]
[255, 664]
[170, 749]
[694, 225]
[677, 242]
[349, 570]
[110, 809]
[548, 371]
[95, 824]
[772, 147]
[535, 384]
[441, 475]
[885, 31]
[107, 809]
[310, 606]
[535, 381]
[479, 438]
[504, 413]
[32, 885]
[533, 384]
[237, 677]
[809, 105]
[549, 365]
[310, 604]
[533, 381]
[550, 365]
[855, 60]
[664, 248]
[479, 433]
[789, 123]
[340, 572]
[390, 522]
[664, 249]
[475, 438]
[681, 232]
[548, 365]
[89, 824]
[750, 161]
[703, 208]
[340, 571]
[389, 522]
[855, 56]
[664, 246]
[749, 161]
[170, 740]
[340, 570]
[101, 809]
[338, 572]
[855, 55]
[232, 677]
[338, 571]
[550, 359]
[475, 433]
[338, 570]
[359, 549]
[885, 23]
[511, 396]
[550, 357]
[548, 359]
[664, 242]
[156, 750]
[681, 225]
[117, 789]
[334, 572]
[357, 549]
[384, 522]
[535, 371]
[156, 749]
[155, 750]
[96, 809]
[334, 571]
[357, 548]
[155, 749]
[703, 201]
[334, 570]
[95, 809]
[533, 371]
[49, 855]
[703, 200]
[79, 824]
[381, 522]
[48, 855]
[694, 208]
[152, 750]
[677, 225]
[78, 824]
[592, 310]
[855, 47]
[237, 664]
[161, 740]
[511, 390]
[152, 749]
[511, 389]
[750, 150]
[504, 396]
[76, 824]
[855, 45]
[535, 365]
[749, 150]
[789, 110]
[550, 349]
[310, 589]
[703, 195]
[89, 809]
[549, 349]
[612, 286]
[533, 365]
[750, 147]
[548, 349]
[664, 232]
[749, 147]
[156, 740]
[789, 107]
[885, 11]
[855, 41]
[38, 978]
[37, 979]
[956, 60]
[855, 161]
[413, 604]
[39, 978]
[38, 979]
[208, 809]
[976, 41]
[970, 47]
[340, 677]
[39, 979]
[749, 269]
[772, 246]
[970, 48]
[413, 606]
[750, 269]
[749, 270]
[824, 195]
[978, 41]
[970, 49]
[338, 681]
[749, 271]
[750, 270]
[9, 1011]
[979, 41]
[772, 248]
[357, 664]
[789, 232]
[750, 271]
[281, 740]
[976, 45]
[772, 249]
[340, 681]
[956, 65]
[1011, 11]
[433, 589]
[359, 664]
[548, 475]
[976, 47]
[978, 45]
[970, 38]
[32, 976]
[570, 438]
[184, 824]
[259, 749]
[533, 475]
[885, 123]
[612, 396]
[970, 39]
[740, 269]
[978, 31]
[200, 809]
[571, 438]
[185, 824]
[259, 750]
[237, 772]
[32, 978]
[979, 31]
[201, 809]
[270, 740]
[572, 438]
[186, 824]
[535, 475]
[155, 855]
[32, 979]
[441, 570]
[271, 740]
[970, 41]
[956, 55]
[334, 677]
[156, 855]
[36, 976]
[441, 571]
[1, 1011]
[533, 479]
[956, 56]
[441, 572]
[749, 264]
[1004, 9]
[37, 976]
[703, 310]
[664, 349]
[36, 978]
[38, 976]
[789, 225]
[750, 264]
[772, 242]
[479, 535]
[511, 504]
[36, 979]
[39, 976]
[1004, 11]
[37, 978]
[970, 45]
[338, 677]
[681, 334]
[970, 31]
[23, 978]
[479, 522]
[956, 45]
[612, 389]
[396, 604]
[433, 570]
[179, 824]
[956, 47]
[396, 606]
[970, 32]
[178, 824]
[23, 979]
[117, 885]
[664, 338]
[612, 390]
[855, 147]
[413, 589]
[255, 750]
[592, 413]
[433, 572]
[1, 1004]
[956, 49]
[855, 150]
[255, 749]
[809, 195]
[433, 571]
[264, 740]
[310, 694]
[772, 232]
[956, 48]
[340, 664]
[976, 31]
[970, 37]
[152, 855]
[970, 36]
[604, 389]
[184, 809]
[970, 23]
[956, 37]
[612, 381]
[750, 242]
[956, 36]
[885, 107]
[255, 740]
[749, 246]
[389, 606]
[956, 39]
[186, 809]
[885, 110]
[390, 604]
[956, 38]
[185, 809]
[170, 824]
[248, 749]
[789, 208]
[956, 41]
[475, 522]
[772, 225]
[750, 246]
[390, 606]
[612, 384]
[750, 249]
[259, 740]
[23, 976]
[749, 249]
[750, 248]
[664, 334]
[246, 740]
[237, 749]
[511, 475]
[548, 438]
[101, 885]
[237, 750]
[956, 31]
[178, 809]
[978, 9]
[549, 438]
[976, 11]
[310, 677]
[381, 606]
[789, 195]
[413, 571]
[703, 281]
[413, 572]
[9, 976]
[161, 824]
[381, 604]
[396, 589]
[479, 511]
[384, 606]
[789, 201]
[441, 549]
[979, 11]
[885, 105]
[749, 242]
[550, 441]
[681, 310]
[248, 740]
[384, 604]
[592, 396]
[956, 32]
[179, 809]
[979, 9]
[550, 438]
[249, 740]
[789, 200]
[441, 548]
[978, 11]
[703, 286]
[855, 123]
[589, 389]
[504, 475]
[170, 809]
[970, 9]
[1, 978]
[155, 824]
[956, 23]
[390, 589]
[592, 384]
[152, 824]
[441, 535]
[237, 740]
[1, 976]
[612, 365]
[371, 606]
[242, 740]
[750, 232]
[592, 390]
[549, 433]
[479, 504]
[413, 570]
[550, 433]
[371, 612]
[1, 979]
[156, 824]
[694, 286]
[772, 208]
[885, 95]
[749, 232]
[592, 389]
[548, 433]
[970, 11]
[885, 96]
[365, 606]
[970, 1]
[147, 824]
[533, 438]
[359, 612]
[161, 809]
[381, 589]
[365, 604]
[357, 612]
[789, 179]
[396, 572]
[535, 433]
[750, 225]
[186, 789]
[694, 281]
[371, 604]
[749, 225]
[789, 185]
[703, 271]
[824, 150]
[664, 310]
[533, 441]
[885, 89]
[184, 789]
[703, 270]
[772, 201]
[535, 438]
[592, 381]
[384, 589]
[232, 740]
[703, 269]
[772, 200]
[117, 855]
[359, 604]
[357, 606]
[694, 269]
[550, 413]
[677, 286]
[441, 522]
[885, 78]
[592, 371]
[572, 390]
[681, 281]
[549, 413]
[703, 259]
[855, 107]
[357, 604]
[152, 809]
[571, 390]
[572, 389]
[548, 413]
[885, 76]
[612, 349]
[390, 570]
[571, 389]
[438, 522]
[855, 105]
[371, 589]
[789, 178]
[396, 571]
[956, 11]
[681, 286]
[703, 264]
[772, 195]
[396, 570]
[533, 433]
[225, 740]
[359, 606]
[694, 271]
[156, 809]
[956, 9]
[855, 110]
[155, 809]
[694, 270]
[885, 79]
[1011, 89]
[1004, 96]
[511, 589]
[978, 123]
[855, 246]
[664, 438]
[979, 123]
[956, 147]
[592, 511]
[533, 570]
[855, 248]
[117, 979]
[592, 504]
[664, 433]
[357, 740]
[548, 549]
[855, 242]
[550, 548]
[749, 349]
[703, 396]
[976, 123]
[359, 740]
[789, 310]
[550, 549]
[750, 349]
[1004, 95]
[703, 389]
[570, 522]
[237, 855]
[703, 390]
[970, 123]
[117, 976]
[571, 522]
[824, 269]
[885, 208]
[1004, 89]
[504, 589]
[681, 413]
[572, 522]
[270, 824]
[117, 978]
[271, 824]
[809, 286]
[264, 824]
[750, 338]
[978, 110]
[340, 749]
[78, 1011]
[349, 740]
[110, 979]
[396, 694]
[413, 677]
[281, 809]
[340, 750]
[1011, 79]
[479, 612]
[970, 147]
[956, 161]
[511, 606]
[885, 232]
[703, 413]
[1011, 105]
[504, 612]
[681, 438]
[310, 809]
[549, 570]
[548, 571]
[855, 264]
[441, 677]
[548, 570]
[1011, 107]
[956, 156]
[772, 340]
[101, 1011]
[677, 438]
[511, 604]
[750, 365]
[681, 433]
[749, 365]
[259, 855]
[592, 522]
[1004, 110]
[359, 750]
[1004, 105]
[152, 956]
[504, 604]
[359, 749]
[956, 155]
[589, 522]
[371, 740]
[1004, 107]
[433, 677]
[504, 606]
[286, 824]
[772, 338]
[885, 225]
[255, 855]
[441, 664]
[365, 740]
[535, 570]
[533, 572]
[281, 824]
[101, 1004]
[533, 571]
[855, 249]
[413, 694]
[357, 750]
[535, 572]
[96, 1011]
[956, 150]
[357, 749]
[535, 571]
[772, 334]
[95, 1011]
[750, 384]
[156, 978]
[155, 979]
[956, 178]
[1011, 123]
[310, 824]
[612, 522]
[885, 249]
[441, 694]
[156, 979]
[956, 179]
[694, 438]
[156, 976]
[749, 384]
[155, 978]
[885, 248]
[390, 740]
[152, 978]
[749, 381]
[970, 161]
[155, 976]
[152, 979]
[772, 359]
[885, 246]
[750, 381]
[978, 150]
[152, 976]
[117, 1011]
[522, 606]
[389, 740]
[979, 150]
[789, 340]
[357, 772]
[976, 150]
[979, 147]
[970, 156]
[956, 170]
[855, 271]
[604, 522]
[694, 433]
[1004, 123]
[789, 338]
[592, 535]
[885, 242]
[384, 740]
[855, 269]
[535, 589]
[978, 147]
[970, 155]
[855, 270]
[533, 592]
[152, 970]
[441, 681]
[550, 572]
[533, 589]
[237, 885]
[976, 147]
[789, 334]
[511, 612]
[970, 150]
[549, 571]
[550, 570]
[548, 572]
[749, 371]
[117, 1004]
[549, 572]
[550, 571]
[772, 349]
[750, 371]
[110, 1011]
[381, 740]
[1004, 147]
[956, 195]
[970, 179]
[170, 979]
[340, 809]
[885, 264]
[970, 178]
[170, 978]
[789, 359]
[338, 809]
[535, 612]
[170, 976]
[750, 396]
[357, 789]
[1135, 11]
[749, 396]
[533, 612]
[441, 703]
[1135, 9]
[259, 885]
[479, 664]
[334, 809]
[572, 571]
[772, 371]
[186, 956]
[572, 570]
[550, 592]
[703, 438]
[956, 185]
[571, 570]
[592, 549]
[855, 286]
[535, 606]
[979, 161]
[970, 170]
[750, 390]
[956, 184]
[592, 548]
[255, 885]
[664, 475]
[978, 161]
[750, 389]
[749, 390]
[550, 589]
[533, 606]
[535, 604]
[749, 389]
[789, 349]
[549, 589]
[976, 161]
[548, 589]
[533, 604]
[772, 365]
[396, 740]
[703, 433]
[855, 281]
[1135, 1]
[208, 824]
[976, 56]
[885, 147]
[338, 694]
[956, 76]
[441, 592]
[511, 522]
[55, 978]
[855, 178]
[357, 677]
[809, 225]
[23, 1011]
[55, 979]
[978, 56]
[340, 694]
[956, 78]
[855, 179]
[789, 246]
[1004, 31]
[749, 286]
[979, 56]
[885, 150]
[970, 65]
[956, 79]
[664, 371]
[359, 677]
[32, 1004]
[750, 286]
[772, 264]
[976, 60]
[433, 604]
[789, 248]
[533, 504]
[152, 885]
[703, 334]
[357, 681]
[789, 249]
[978, 60]
[68, 970]
[433, 606]
[535, 504]
[979, 60]
[184, 855]
[549, 475]
[200, 824]
[979, 45]
[48, 976]
[956, 68]
[592, 433]
[550, 475]
[201, 824]
[978, 47]
[49, 976]
[970, 55]
[612, 413]
[170, 855]
[237, 789]
[286, 740]
[979, 47]
[504, 522]
[48, 978]
[970, 56]
[677, 349]
[479, 548]
[1004, 23]
[255, 772]
[49, 978]
[48, 979]
[589, 438]
[479, 549]
[49, 979]
[694, 334]
[664, 365]
[550, 479]
[592, 438]
[749, 281]
[970, 60]
[681, 349]
[441, 589]
[789, 242]
[750, 281]
[259, 772]
[55, 976]
[38, 1011]
[479, 570]
[824, 225]
[1004, 45]
[970, 79]
[664, 384]
[259, 789]
[37, 1011]
[970, 78]
[371, 677]
[357, 694]
[242, 809]
[479, 572]
[1004, 47]
[956, 95]
[39, 1011]
[479, 571]
[310, 740]
[612, 438]
[855, 195]
[664, 389]
[359, 694]
[772, 281]
[549, 504]
[789, 264]
[49, 1004]
[441, 612]
[548, 504]
[1011, 41]
[48, 1004]
[76, 976]
[703, 349]
[956, 96]
[681, 371]
[246, 809]
[533, 522]
[170, 885]
[76, 979]
[976, 79]
[855, 200]
[664, 390]
[550, 504]
[978, 76]
[976, 78]
[772, 269]
[232, 809]
[1004, 37]
[156, 885]
[65, 976]
[703, 338]
[186, 855]
[359, 681]
[1004, 36]
[155, 885]
[185, 855]
[1004, 39]
[32, 1011]
[772, 271]
[703, 340]
[65, 978]
[694, 349]
[604, 438]
[365, 677]
[38, 1004]
[1011, 31]
[772, 270]
[441, 604]
[475, 570]
[1004, 41]
[612, 433]
[956, 89]
[664, 381]
[438, 606]
[255, 789]
[533, 511]
[68, 976]
[65, 979]
[441, 606]
[36, 1011]
[475, 572]
[68, 979]
[681, 365]
[237, 809]
[475, 571]
[535, 511]
[68, 978]
[885, 161]
[970, 76]
[677, 389]
[242, 824]
[55, 1011]
[970, 96]
[956, 110]
[677, 390]
[592, 475]
[1011, 56]
[978, 89]
[255, 809]
[1004, 60]
[885, 179]
[475, 589]
[681, 384]
[970, 95]
[976, 89]
[371, 694]
[681, 389]
[789, 281]
[548, 522]
[246, 824]
[185, 885]
[681, 390]
[479, 592]
[549, 522]
[1011, 60]
[186, 885]
[976, 95]
[970, 101]
[703, 365]
[259, 809]
[533, 535]
[979, 89]
[479, 589]
[184, 885]
[1004, 65]
[789, 269]
[249, 809]
[772, 286]
[1011, 47]
[979, 79]
[381, 677]
[694, 365]
[789, 270]
[548, 511]
[749, 310]
[48, 1011]
[55, 1004]
[970, 89]
[232, 824]
[1011, 45]
[978, 78]
[201, 855]
[248, 809]
[535, 522]
[979, 78]
[978, 79]
[956, 101]
[703, 359]
[681, 381]
[885, 178]
[855, 208]
[956, 107]
[664, 396]
[703, 357]
[789, 271]
[511, 549]
[750, 310]
[49, 1011]
[1004, 56]
[677, 384]
[550, 511]
[237, 824]
[956, 105]
[694, 389]
[479, 604]
[978, 105]
[511, 572]
[533, 550]
[535, 548]
[259, 824]
[1004, 79]
[749, 334]
[976, 107]
[511, 571]
[533, 549]
[772, 310]
[1004, 78]
[475, 606]
[976, 105]
[511, 570]
[533, 548]
[271, 809]
[340, 740]
[885, 195]
[1004, 76]
[101, 979]
[855, 225]
[970, 110]
[703, 384]
[970, 117]
[338, 749]
[475, 612]
[76, 1011]
[855, 232]
[201, 885]
[110, 976]
[979, 107]
[479, 606]
[550, 535]
[885, 200]
[978, 107]
[694, 390]
[979, 105]
[535, 549]
[750, 334]
[703, 381]
[970, 105]
[504, 571]
[789, 286]
[96, 979]
[694, 381]
[504, 570]
[334, 740]
[979, 95]
[96, 978]
[703, 371]
[396, 677]
[956, 117]
[249, 824]
[264, 809]
[978, 95]
[550, 522]
[248, 824]
[68, 1004]
[96, 976]
[475, 604]
[956, 123]
[270, 809]
[255, 824]
[68, 1011]
[101, 978]
[694, 384]
[809, 269]
[338, 740]
[664, 413]
[681, 396]
[101, 976]
[970, 107]
[504, 572]
[65, 1011]
[979, 242]
[23, 1198]
[978, 242]
[396, 824]
[956, 264]
[855, 365]
[885, 338]
[246, 976]
[789, 433]
[413, 809]
[970, 246]
[237, 979]
[694, 522]
[535, 681]
[612, 604]
[970, 249]
[1011, 208]
[479, 740]
[885, 334]
[970, 248]
[976, 242]
[612, 606]
[1004, 225]
[479, 750]
[1198, 31]
[548, 681]
[970, 259]
[535, 694]
[249, 979]
[479, 749]
[255, 976]
[1135, 96]
[550, 681]
[32, 1198]
[441, 789]
[1135, 95]
[549, 681]
[255, 970]
[249, 976]
[246, 979]
[475, 750]
[956, 269]
[548, 677]
[703, 522]
[340, 885]
[248, 976]
[246, 978]
[475, 749]
[1135, 89]
[248, 979]
[249, 978]
[789, 438]
[956, 271]
[550, 677]
[533, 694]
[248, 978]
[956, 270]
[549, 677]
[855, 371]
[1004, 232]
[1011, 225]
[38, 1198]
[1135, 101]
[664, 572]
[533, 703]
[855, 381]
[39, 1198]
[956, 281]
[413, 824]
[259, 978]
[259, 979]
[703, 535]
[970, 269]
[41, 1198]
[855, 384]
[255, 978]
[255, 979]
[36, 1198]
[664, 570]
[970, 264]
[1, 1233]
[885, 349]
[664, 571]
[259, 976]
[37, 1198]
[504, 740]
[550, 694]
[1233, 11]
[359, 885]
[855, 389]
[1135, 110]
[976, 269]
[1198, 47]
[855, 390]
[1004, 242]
[976, 270]
[48, 1198]
[978, 269]
[677, 570]
[976, 271]
[809, 438]
[772, 475]
[49, 1198]
[1135, 105]
[970, 270]
[976, 264]
[237, 1004]
[970, 271]
[1135, 107]
[433, 809]
[978, 264]
[1233, 9]
[548, 694]
[956, 286]
[357, 885]
[232, 1011]
[979, 264]
[549, 694]
[1198, 45]
[504, 750]
[56, 1198]
[1004, 249]
[1011, 242]
[504, 749]
[681, 572]
[550, 703]
[55, 1198]
[664, 589]
[1004, 248]
[1135, 117]
[681, 571]
[703, 549]
[511, 740]
[681, 570]
[970, 281]
[703, 548]
[479, 772]
[855, 396]
[1004, 246]
[979, 271]
[441, 809]
[885, 365]
[978, 271]
[979, 270]
[677, 572]
[237, 1011]
[979, 269]
[677, 571]
[978, 270]
[259, 1004]
[65, 1198]
[824, 438]
[976, 286]
[522, 740]
[511, 750]
[249, 1011]
[511, 749]
[979, 281]
[255, 1004]
[248, 1011]
[978, 281]
[1135, 123]
[1198, 60]
[246, 1011]
[976, 281]
[433, 824]
[592, 664]
[970, 286]
[1233, 23]
[885, 371]
[664, 606]
[259, 1011]
[1233, 37]
[681, 589]
[38, 1233]
[749, 522]
[664, 604]
[479, 789]
[1004, 264]
[855, 413]
[592, 677]
[1233, 36]
[885, 384]
[255, 1011]
[694, 572]
[956, 310]
[68, 1198]
[885, 381]
[677, 589]
[789, 475]
[1233, 31]
[694, 570]
[978, 286]
[32, 1233]
[694, 571]
[441, 824]
[979, 286]
[1233, 45]
[772, 504]
[664, 612]
[78, 1198]
[79, 1198]
[703, 571]
[1004, 270]
[1233, 41]
[885, 389]
[76, 1198]
[1004, 271]
[703, 572]
[264, 1011]
[535, 740]
[885, 390]
[1233, 39]
[750, 522]
[592, 681]
[1004, 269]
[703, 570]
[533, 740]
[413, 740]
[549, 604]
[772, 381]
[475, 677]
[548, 604]
[179, 976]
[970, 185]
[885, 270]
[549, 606]
[178, 976]
[970, 184]
[1004, 150]
[789, 365]
[885, 269]
[550, 604]
[548, 606]
[978, 179]
[178, 979]
[956, 201]
[978, 178]
[186, 970]
[152, 1004]
[479, 677]
[475, 681]
[956, 200]
[885, 271]
[550, 606]
[772, 384]
[155, 1004]
[589, 570]
[979, 179]
[1011, 147]
[349, 809]
[334, 824]
[1135, 23]
[185, 976]
[1011, 150]
[572, 589]
[549, 612]
[772, 389]
[184, 976]
[156, 1004]
[479, 681]
[789, 371]
[571, 589]
[548, 612]
[185, 978]
[184, 979]
[152, 1011]
[750, 413]
[592, 571]
[184, 978]
[186, 976]
[749, 413]
[592, 570]
[550, 612]
[338, 824]
[772, 390]
[970, 195]
[186, 979]
[1004, 161]
[855, 310]
[185, 979]
[186, 978]
[956, 208]
[592, 572]
[340, 824]
[156, 1011]
[1135, 32]
[155, 1011]
[1135, 31]
[357, 809]
[885, 281]
[504, 664]
[359, 809]
[772, 396]
[475, 694]
[970, 200]
[789, 381]
[976, 195]
[970, 201]
[1135, 36]
[885, 286]
[161, 1011]
[1135, 37]
[978, 195]
[433, 740]
[479, 694]
[789, 384]
[1135, 38]
[349, 824]
[979, 195]
[170, 1004]
[1135, 39]
[604, 570]
[365, 809]
[511, 664]
[571, 604]
[200, 976]
[1135, 41]
[570, 606]
[572, 604]
[201, 976]
[571, 606]
[970, 208]
[200, 978]
[438, 740]
[703, 475]
[789, 389]
[572, 606]
[200, 979]
[201, 978]
[789, 390]
[201, 979]
[1135, 45]
[371, 809]
[441, 740]
[170, 1011]
[504, 677]
[956, 225]
[357, 824]
[592, 589]
[1004, 178]
[749, 433]
[479, 703]
[1135, 47]
[612, 570]
[1004, 179]
[750, 433]
[1135, 48]
[612, 571]
[359, 824]
[979, 208]
[749, 438]
[978, 208]
[664, 522]
[504, 681]
[789, 396]
[772, 413]
[976, 208]
[1135, 49]
[612, 572]
[441, 750]
[1135, 56]
[179, 1011]
[186, 1004]
[441, 749]
[1135, 55]
[381, 809]
[178, 1011]
[185, 1004]
[365, 824]
[855, 334]
[184, 1004]
[750, 438]
[511, 677]
[956, 232]
[970, 225]
[184, 1011]
[1135, 60]
[371, 824]
[885, 310]
[340, 855]
[589, 606]
[956, 237]
[384, 809]
[855, 338]
[604, 589]
[511, 681]
[1004, 195]
[390, 809]
[1, 1198]
[677, 522]
[535, 664]
[504, 694]
[956, 242]
[592, 606]
[809, 389]
[186, 1011]
[533, 664]
[185, 1011]
[592, 604]
[970, 232]
[956, 246]
[789, 413]
[978, 225]
[68, 1135]
[681, 522]
[1135, 65]
[976, 225]
[612, 589]
[1011, 195]
[970, 237]
[703, 504]
[9, 1198]
[979, 225]
[1004, 200]
[956, 248]
[592, 612]
[855, 349]
[201, 1004]
[511, 694]
[956, 249]
[396, 809]
[381, 824]
[772, 433]
[232, 978]
[604, 606]
[533, 677]
[772, 438]
[232, 979]
[200, 1011]
[956, 255]
[1135, 76]
[232, 976]
[384, 824]
[11, 1198]
[703, 511]
[1135, 79]
[550, 664]
[390, 824]
[533, 681]
[359, 855]
[237, 978]
[475, 740]
[956, 259]
[970, 242]
[1004, 208]
[201, 1011]
[548, 664]
[535, 677]
[357, 855]
[237, 976]
[1135, 78]
[549, 664]
[824, 389]
[441, 772]
[396, 979]
[681, 694]
[48, 1327]
[1004, 371]
[396, 978]
[550, 824]
[1327, 47]
[549, 824]
[396, 976]
[1135, 237]
[548, 824]
[1327, 45]
[694, 677]
[359, 1011]
[1291, 79]
[979, 390]
[956, 413]
[1004, 365]
[1291, 78]
[170, 1198]
[979, 389]
[978, 390]
[357, 1011]
[1327, 41]
[978, 389]
[703, 664]
[1135, 232]
[1291, 76]
[976, 390]
[970, 396]
[39, 1327]
[511, 855]
[976, 389]
[38, 1327]
[1327, 37]
[592, 772]
[479, 885]
[979, 384]
[359, 1004]
[36, 1327]
[978, 384]
[750, 612]
[357, 1004]
[789, 572]
[772, 589]
[749, 612]
[970, 390]
[976, 384]
[1135, 225]
[789, 571]
[885, 475]
[349, 1011]
[381, 979]
[664, 694]
[681, 677]
[1327, 31]
[549, 809]
[161, 1198]
[970, 389]
[32, 1327]
[789, 570]
[550, 809]
[535, 824]
[68, 1291]
[504, 855]
[978, 381]
[750, 606]
[1233, 123]
[1291, 65]
[548, 809]
[533, 824]
[381, 976]
[970, 384]
[156, 1198]
[750, 604]
[749, 606]
[956, 396]
[612, 740]
[155, 1198]
[749, 604]
[1004, 349]
[152, 1198]
[117, 1233]
[23, 1327]
[371, 979]
[1291, 60]
[340, 1011]
[970, 381]
[1198, 150]
[338, 1011]
[371, 978]
[956, 390]
[740, 606]
[824, 522]
[1291, 55]
[1291, 56]
[371, 976]
[604, 740]
[979, 365]
[535, 809]
[772, 572]
[340, 1004]
[147, 1198]
[664, 681]
[956, 389]
[334, 1011]
[1135, 270]
[550, 855]
[1327, 78]
[664, 740]
[1135, 269]
[549, 855]
[11, 1393]
[396, 1011]
[885, 522]
[208, 1198]
[1135, 271]
[1327, 79]
[1011, 390]
[789, 612]
[592, 809]
[1291, 110]
[1011, 389]
[1004, 396]
[970, 433]
[170, 1233]
[548, 855]
[1327, 76]
[9, 1393]
[703, 694]
[956, 441]
[572, 824]
[511, 885]
[1291, 105]
[201, 1198]
[1135, 264]
[200, 1198]
[589, 809]
[1291, 107]
[1198, 195]
[1004, 389]
[789, 604]
[413, 979]
[65, 1327]
[1291, 101]
[381, 1011]
[1011, 384]
[789, 606]
[571, 824]
[68, 1327]
[1004, 390]
[1233, 161]
[956, 438]
[1, 1393]
[570, 824]
[1135, 259]
[1004, 384]
[155, 1233]
[533, 855]
[156, 1233]
[413, 976]
[956, 433]
[504, 885]
[255, 1135]
[535, 855]
[413, 978]
[186, 1198]
[703, 681]
[1135, 249]
[772, 612]
[152, 1233]
[1004, 381]
[1291, 95]
[1327, 60]
[1291, 96]
[1233, 147]
[703, 677]
[571, 809]
[1291, 89]
[592, 789]
[1135, 246]
[572, 809]
[184, 1198]
[55, 1327]
[371, 1011]
[185, 1198]
[1233, 150]
[970, 413]
[1135, 248]
[1327, 56]
[178, 1198]
[365, 1011]
[772, 604]
[49, 1327]
[179, 1198]
[1135, 242]
[855, 522]
[789, 589]
[772, 606]
[570, 809]
[703, 604]
[535, 772]
[612, 694]
[170, 1135]
[533, 772]
[956, 349]
[1198, 107]
[970, 334]
[789, 522]
[571, 740]
[1233, 78]
[570, 740]
[970, 340]
[334, 976]
[703, 606]
[1233, 76]
[970, 338]
[110, 1198]
[549, 750]
[550, 749]
[475, 824]
[101, 1198]
[694, 604]
[549, 749]
[548, 750]
[885, 413]
[1233, 65]
[548, 749]
[1011, 286]
[1135, 161]
[956, 340]
[441, 855]
[1198, 105]
[479, 824]
[1291, 11]
[68, 1233]
[694, 606]
[789, 511]
[1291, 9]
[550, 750]
[1135, 155]
[550, 740]
[1004, 286]
[956, 334]
[1135, 156]
[479, 809]
[548, 740]
[310, 978]
[55, 1233]
[855, 433]
[549, 740]
[310, 979]
[1233, 56]
[612, 677]
[772, 522]
[956, 338]
[96, 1198]
[703, 592]
[281, 1011]
[1291, 1]
[703, 589]
[789, 504]
[1233, 60]
[681, 612]
[95, 1198]
[855, 438]
[1135, 147]
[1011, 271]
[533, 749]
[49, 1233]
[677, 606]
[533, 750]
[772, 511]
[694, 589]
[1011, 269]
[970, 310]
[1233, 47]
[677, 604]
[1011, 270]
[48, 1233]
[885, 396]
[592, 694]
[310, 976]
[681, 606]
[152, 1135]
[89, 1198]
[475, 809]
[535, 749]
[681, 604]
[1135, 150]
[1004, 281]
[535, 750]
[359, 978]
[789, 548]
[956, 381]
[357, 979]
[1135, 201]
[1327, 9]
[1291, 45]
[550, 789]
[1291, 48]
[750, 589]
[359, 979]
[789, 549]
[1327, 11]
[1291, 47]
[1004, 334]
[749, 589]
[1233, 105]
[664, 677]
[365, 976]
[592, 749]
[970, 371]
[956, 384]
[1291, 49]
[1233, 107]
[978, 365]
[1135, 208]
[772, 571]
[1233, 110]
[592, 750]
[772, 570]
[533, 809]
[1004, 338]
[970, 359]
[1291, 38]
[1233, 96]
[589, 740]
[1, 1327]
[504, 824]
[1291, 37]
[979, 349]
[1233, 95]
[809, 522]
[1291, 39]
[1135, 195]
[855, 475]
[357, 976]
[592, 740]
[1291, 41]
[970, 365]
[359, 976]
[357, 978]
[1135, 200]
[511, 824]
[101, 1233]
[479, 855]
[1135, 185]
[750, 570]
[511, 809]
[749, 571]
[772, 548]
[123, 1198]
[956, 365]
[186, 1135]
[750, 571]
[749, 572]
[772, 549]
[310, 1011]
[533, 789]
[1291, 31]
[750, 572]
[550, 772]
[1233, 89]
[1291, 32]
[885, 438]
[535, 789]
[976, 349]
[441, 885]
[970, 357]
[1291, 36]
[978, 349]
[956, 371]
[572, 740]
[1233, 79]
[978, 334]
[956, 357]
[1135, 178]
[504, 809]
[334, 979]
[1135, 179]
[1291, 23]
[1004, 310]
[338, 976]
[956, 359]
[117, 1198]
[703, 612]
[340, 976]
[338, 978]
[338, 979]
[340, 978]
[885, 433]
[1135, 184]
[749, 570]
[340, 979]
[970, 349]
[1135, 359]
[101, 1393]
[1435, 60]
[703, 789]
[357, 1135]
[259, 1233]
[970, 522]
[1291, 201]
[511, 979]
[750, 740]
[479, 1011]
[681, 809]
[55, 1435]
[956, 535]
[1435, 56]
[885, 606]
[1291, 200]
[255, 1233]
[1327, 161]
[664, 824]
[95, 1393]
[511, 978]
[749, 740]
[96, 1393]
[956, 533]
[885, 604]
[1233, 269]
[694, 809]
[1233, 270]
[110, 1393]
[533, 970]
[68, 1435]
[1135, 365]
[1393, 107]
[978, 522]
[65, 1435]
[677, 824]
[979, 522]
[1393, 105]
[976, 522]
[750, 749]
[1291, 208]
[170, 1327]
[1233, 264]
[885, 612]
[1004, 475]
[1233, 246]
[152, 1327]
[281, 1198]
[956, 522]
[1327, 150]
[592, 885]
[186, 1291]
[1435, 41]
[1291, 185]
[1233, 242]
[1135, 340]
[703, 772]
[1291, 184]
[970, 504]
[1327, 147]
[39, 1435]
[885, 589]
[38, 1435]
[1135, 338]
[664, 809]
[37, 1435]
[79, 1393]
[511, 976]
[475, 1011]
[677, 809]
[1291, 195]
[1135, 349]
[1198, 286]
[49, 1435]
[504, 979]
[479, 1004]
[156, 1327]
[789, 694]
[48, 1435]
[504, 978]
[1233, 249]
[155, 1327]
[89, 1393]
[1435, 47]
[970, 511]
[1233, 248]
[504, 976]
[1435, 45]
[1135, 389]
[548, 976]
[1435, 89]
[1135, 390]
[549, 976]
[956, 570]
[550, 976]
[548, 978]
[1004, 522]
[200, 1327]
[956, 571]
[549, 978]
[548, 979]
[703, 824]
[550, 970]
[772, 749]
[511, 1011]
[1327, 195]
[772, 750]
[1291, 232]
[334, 1198]
[855, 677]
[1011, 522]
[1291, 242]
[1327, 208]
[201, 1327]
[956, 572]
[549, 979]
[550, 978]
[1291, 237]
[789, 740]
[550, 979]
[1435, 95]
[1135, 396]
[96, 1435]
[533, 976]
[504, 1004]
[310, 1198]
[184, 1327]
[533, 978]
[535, 976]
[76, 1435]
[117, 1393]
[1327, 178]
[956, 549]
[681, 824]
[970, 535]
[1233, 271]
[956, 548]
[1327, 179]
[1135, 371]
[956, 550]
[1135, 381]
[123, 1393]
[1291, 225]
[1135, 384]
[970, 549]
[1233, 286]
[664, 855]
[970, 548]
[694, 824]
[186, 1327]
[535, 978]
[1435, 78]
[185, 1327]
[703, 809]
[533, 979]
[772, 740]
[511, 1004]
[504, 1011]
[1233, 281]
[535, 979]
[1435, 79]
[749, 677]
[855, 571]
[750, 677]
[855, 572]
[413, 1011]
[1393, 31]
[32, 1393]
[855, 570]
[232, 1198]
[749, 681]
[824, 606]
[37, 1393]
[750, 681]
[956, 475]
[38, 1393]
[1233, 195]
[604, 824]
[101, 1327]
[36, 1393]
[694, 740]
[201, 1233]
[549, 885]
[41, 1393]
[1327, 107]
[237, 1198]
[956, 479]
[550, 885]
[39, 1393]
[1327, 105]
[200, 1233]
[548, 885]
[1393, 45]
[1291, 147]
[1, 1435]
[612, 824]
[772, 664]
[1004, 433]
[1327, 110]
[978, 433]
[970, 441]
[1233, 178]
[433, 976]
[970, 438]
[1291, 117]
[809, 606]
[664, 750]
[976, 438]
[1291, 123]
[664, 749]
[604, 809]
[589, 824]
[979, 433]
[1233, 179]
[441, 978]
[186, 1233]
[185, 1233]
[533, 885]
[979, 438]
[441, 976]
[184, 1233]
[677, 740]
[1004, 413]
[978, 438]
[1135, 281]
[592, 824]
[23, 1393]
[1327, 89]
[1198, 225]
[96, 1327]
[1327, 95]
[681, 740]
[612, 809]
[1135, 286]
[441, 979]
[535, 885]
[885, 571]
[479, 978]
[885, 572]
[259, 1198]
[479, 979]
[1233, 225]
[23, 1435]
[65, 1393]
[855, 604]
[956, 504]
[68, 1393]
[170, 1291]
[855, 606]
[264, 1198]
[1233, 232]
[789, 677]
[1435, 31]
[772, 694]
[956, 511]
[32, 1435]
[1198, 269]
[855, 612]
[270, 1198]
[1135, 334]
[1198, 271]
[76, 1393]
[1291, 178]
[237, 1233]
[789, 681]
[1291, 179]
[36, 1435]
[78, 1393]
[1233, 208]
[48, 1393]
[1291, 150]
[242, 1198]
[1393, 47]
[749, 694]
[703, 740]
[152, 1291]
[1004, 438]
[49, 1393]
[970, 475]
[441, 1004]
[1135, 310]
[246, 1198]
[433, 1011]
[750, 694]
[117, 1327]
[1435, 9]
[855, 589]
[249, 1198]
[1291, 156]
[592, 855]
[248, 1198]
[1435, 11]
[1291, 155]
[970, 479]
[1011, 438]
[56, 1393]
[772, 677]
[55, 1393]
[475, 976]
[1327, 123]
[255, 1198]
[475, 978]
[703, 750]
[789, 664]
[1393, 60]
[772, 681]
[441, 1011]
[703, 749]
[1291, 161]
[479, 976]
[885, 570]
[475, 979]
[664, 978]
[249, 1393]
[1435, 208]
[664, 979]
[664, 976]
[1291, 349]
[248, 1393]
[1233, 413]
[1135, 511]
[970, 677]
[789, 855]
[970, 664]
[885, 749]
[200, 1435]
[242, 1393]
[885, 750]
[956, 677]
[809, 824]
[441, 1198]
[1135, 504]
[246, 1393]
[201, 1435]
[1198, 438]
[956, 681]
[1327, 310]
[681, 978]
[956, 703]
[681, 976]
[1135, 522]
[264, 1393]
[772, 885]
[979, 677]
[1291, 365]
[1393, 270]
[1393, 269]
[1291, 371]
[1327, 334]
[1435, 225]
[681, 979]
[1659, 1]
[970, 681]
[956, 694]
[1291, 359]
[255, 1393]
[357, 1291]
[978, 677]
[976, 677]
[259, 1393]
[1004, 604]
[1327, 281]
[1004, 606]
[1135, 475]
[413, 1198]
[178, 1435]
[789, 824]
[1327, 286]
[1435, 179]
[479, 1135]
[1233, 381]
[1011, 604]
[1011, 589]
[1291, 310]
[208, 1393]
[592, 1011]
[855, 749]
[1233, 371]
[170, 1435]
[855, 750]
[232, 1393]
[885, 740]
[1291, 334]
[772, 855]
[1233, 396]
[1291, 338]
[433, 1198]
[1291, 340]
[1435, 195]
[237, 1393]
[1233, 384]
[1011, 606]
[1004, 612]
[184, 1435]
[1393, 225]
[186, 1435]
[185, 1435]
[956, 664]
[1233, 390]
[612, 1011]
[1233, 389]
[384, 1198]
[1435, 147]
[976, 606]
[978, 604]
[255, 1327]
[1011, 571]
[970, 612]
[1233, 349]
[979, 604]
[1011, 572]
[976, 604]
[1011, 570]
[772, 809]
[185, 1393]
[186, 1393]
[885, 694]
[381, 1198]
[970, 606]
[249, 1327]
[441, 1135]
[1004, 572]
[1291, 286]
[184, 1393]
[970, 604]
[1004, 570]
[750, 824]
[248, 1327]
[1004, 571]
[1291, 281]
[179, 1393]
[1327, 246]
[1135, 438]
[749, 824]
[340, 1233]
[592, 978]
[592, 979]
[178, 1393]
[1233, 338]
[592, 976]
[1135, 433]
[956, 612]
[979, 589]
[1327, 242]
[371, 1198]
[1233, 365]
[1327, 271]
[789, 809]
[1327, 270]
[1435, 161]
[592, 1004]
[1327, 269]
[772, 824]
[855, 740]
[396, 1198]
[201, 1393]
[200, 1393]
[1004, 589]
[359, 1233]
[156, 1435]
[1327, 264]
[612, 979]
[155, 1435]
[357, 1233]
[612, 978]
[1198, 390]
[1393, 195]
[703, 885]
[612, 976]
[1198, 389]
[152, 1435]
[259, 1327]
[1435, 150]
[979, 606]
[978, 606]
[956, 592]
[1135, 413]
[978, 570]
[976, 572]
[155, 1393]
[979, 570]
[809, 740]
[978, 571]
[156, 1393]
[664, 885]
[855, 694]
[979, 571]
[978, 572]
[1291, 259]
[979, 572]
[533, 1011]
[152, 1393]
[110, 1435]
[956, 589]
[976, 570]
[535, 1011]
[255, 1291]
[976, 571]
[349, 1198]
[1435, 105]
[970, 570]
[147, 1393]
[1291, 249]
[970, 571]
[970, 572]
[1435, 107]
[1233, 310]
[1393, 150]
[338, 1198]
[101, 1435]
[855, 681]
[533, 1004]
[1291, 246]
[789, 749]
[340, 1198]
[789, 750]
[535, 1004]
[1291, 248]
[976, 589]
[237, 1327]
[824, 740]
[1233, 334]
[978, 589]
[885, 681]
[772, 789]
[1291, 270]
[550, 1011]
[956, 604]
[1291, 269]
[549, 1011]
[365, 1198]
[170, 1393]
[956, 606]
[970, 592]
[1291, 271]
[885, 677]
[359, 1198]
[232, 1327]
[750, 809]
[548, 1011]
[970, 589]
[1435, 123]
[749, 809]
[703, 855]
[549, 1004]
[1327, 225]
[117, 1435]
[548, 1004]
[357, 1198]
[1291, 264]
[550, 1004]
[161, 1393]
[750, 1011]
[749, 1011]
[1327, 433]
[1659, 101]
[789, 978]
[1659, 107]
[533, 1233]
[1291, 475]
[1327, 438]
[789, 976]
[956, 809]
[1659, 105]
[371, 1393]
[572, 1198]
[479, 1291]
[571, 1198]
[1659, 110]
[334, 1435]
[441, 1327]
[789, 979]
[1198, 570]
[535, 1233]
[340, 1435]
[381, 1393]
[338, 1435]
[970, 809]
[1659, 117]
[772, 1004]
[384, 1393]
[549, 1233]
[1659, 123]
[1393, 389]
[550, 1233]
[1393, 390]
[772, 1011]
[956, 824]
[548, 1233]
[978, 809]
[1198, 589]
[1435, 349]
[976, 809]
[592, 1198]
[979, 809]
[396, 1393]
[750, 979]
[1291, 438]
[749, 979]
[750, 978]
[956, 772]
[338, 1393]
[533, 1198]
[340, 1393]
[535, 1198]
[441, 1291]
[1659, 76]
[504, 1233]
[1659, 78]
[1135, 604]
[1659, 79]
[1135, 606]
[413, 1327]
[855, 885]
[349, 1393]
[970, 772]
[1004, 740]
[511, 1233]
[956, 789]
[310, 1435]
[548, 1198]
[1135, 612]
[549, 1198]
[550, 1198]
[1659, 89]
[772, 976]
[357, 1393]
[772, 978]
[1011, 740]
[772, 979]
[359, 1393]
[1004, 749]
[1004, 750]
[1659, 95]
[1659, 96]
[1233, 522]
[365, 1393]
[970, 789]
[310, 1393]
[504, 1198]
[1659, 41]
[1435, 264]
[1004, 694]
[1659, 39]
[371, 1327]
[1659, 38]
[956, 740]
[1659, 37]
[1327, 384]
[970, 740]
[511, 1198]
[885, 824]
[475, 1233]
[1659, 49]
[1327, 381]
[703, 1004]
[1135, 572]
[1659, 48]
[956, 750]
[1435, 271]
[1135, 571]
[1659, 47]
[694, 1011]
[956, 749]
[1135, 570]
[1435, 270]
[1435, 269]
[1659, 45]
[1291, 413]
[978, 740]
[979, 740]
[970, 749]
[1659, 60]
[976, 740]
[1327, 389]
[1435, 281]
[1327, 390]
[703, 1011]
[1659, 55]
[1659, 56]
[479, 1233]
[750, 976]
[749, 978]
[592, 1135]
[68, 1659]
[334, 1393]
[1135, 589]
[1659, 65]
[1291, 433]
[749, 976]
[396, 1327]
[970, 750]
[1198, 522]
[1435, 286]
[664, 1004]
[533, 1135]
[1659, 9]
[1233, 438]
[694, 976]
[1135, 535]
[1659, 11]
[338, 1327]
[970, 694]
[1393, 271]
[855, 809]
[232, 1435]
[340, 1327]
[1233, 433]
[1435, 242]
[479, 1198]
[1327, 349]
[703, 976]
[855, 824]
[1393, 286]
[475, 1198]
[694, 979]
[970, 703]
[237, 1435]
[978, 694]
[1291, 381]
[664, 1011]
[1291, 384]
[441, 1233]
[789, 885]
[281, 1393]
[249, 1435]
[357, 1327]
[1135, 549]
[1004, 681]
[550, 1135]
[359, 1327]
[1291, 396]
[1291, 389]
[246, 1435]
[703, 978]
[1004, 677]
[1291, 390]
[703, 979]
[1659, 23]
[248, 1435]
[1135, 548]
[681, 1011]
[1327, 365]
[885, 809]
[259, 1435]
[1659, 36]
[677, 1011]
[255, 1435]
[1659, 31]
[1659, 32]
[1393, 522]
[479, 1435]
[1233, 681]
[1659, 255]
[1327, 589]
[592, 1327]
[1659, 259]
[1659, 246]
[511, 1393]
[1135, 772]
[1659, 248]
[1659, 249]
[475, 1435]
[1233, 677]
[1659, 237]
[885, 1011]
[664, 1233]
[1327, 570]
[504, 1393]
[1291, 606]
[1327, 571]
[1327, 572]
[703, 1198]
[1659, 242]
[1291, 612]
[885, 1004]
[1659, 232]
[694, 1198]
[1291, 604]
[592, 1291]
[1291, 589]
[1135, 750]
[1135, 749]
[1659, 225]
[677, 1198]
[1135, 740]
[548, 1327]
[1435, 438]
[479, 1393]
[681, 1198]
[550, 1327]
[441, 1435]
[549, 1327]
[855, 1011]
[1659, 208]
[885, 979]
[1435, 433]
[475, 1393]
[1659, 200]
[855, 1004]
[664, 1198]
[1291, 571]
[535, 1327]
[1291, 572]
[885, 978]
[1659, 201]
[533, 1327]
[1291, 570]
[885, 976]
[970, 885]
[1659, 195]
[1327, 522]
[413, 1435]
[186, 1659]
[1233, 612]
[1659, 185]
[550, 1291]
[956, 885]
[1291, 549]
[1659, 184]
[1233, 604]
[1659, 178]
[511, 1327]
[703, 1135]
[1659, 179]
[1233, 606]
[1291, 548]
[855, 978]
[441, 1393]
[855, 979]
[1011, 824]
[1004, 824]
[1135, 694]
[1659, 170]
[396, 1435]
[504, 1327]
[1393, 438]
[855, 976]
[1435, 389]
[533, 1291]
[1435, 390]
[592, 1233]
[970, 855]
[433, 1393]
[1291, 535]
[1233, 589]
[1011, 809]
[1659, 161]
[1435, 384]
[1135, 681]
[381, 1435]
[1659, 156]
[1659, 155]
[1004, 809]
[1291, 522]
[1135, 677]
[152, 1659]
[956, 855]
[612, 1198]
[1659, 150]
[479, 1327]
[1659, 147]
[413, 1393]
[371, 1435]
[1198, 606]
[1233, 571]
[1233, 572]
[1198, 604]
[475, 1327]
[978, 824]
[1291, 511]
[1233, 570]
[979, 824]
[1435, 365]
[789, 1011]
[976, 824]
[1135, 664]
[359, 1435]
[970, 824]
[1291, 504]
[357, 1435]
[789, 1004]
[1435, 604]
[1659, 381]
[1291, 749]
[1435, 606]
[1291, 750]
[1233, 809]
[1659, 384]
[612, 1435]
[1659, 357]
[1659, 359]
[1327, 694]
[1135, 885]
[789, 1233]
[1198, 824]
[1659, 365]
[1435, 589]
[592, 1435]
[1291, 740]
[703, 1327]
[1659, 371]
[1435, 571]
[1198, 809]
[1435, 572]
[1327, 677]
[1435, 570]
[612, 1393]
[772, 1233]
[681, 1327]
[1659, 349]
[1004, 1011]
[976, 1011]
[789, 1198]
[550, 1435]
[592, 1393]
[1291, 694]
[549, 1435]
[664, 1327]
[979, 1011]
[1135, 855]
[978, 1011]
[703, 1291]
[1659, 334]
[1659, 340]
[1393, 606]
[1659, 338]
[1393, 604]
[1291, 681]
[1233, 740]
[970, 1004]
[533, 1435]
[1291, 677]
[1659, 310]
[772, 1198]
[535, 1435]
[1004, 976]
[970, 1011]
[1004, 978]
[1233, 749]
[1393, 589]
[1004, 979]
[750, 1233]
[548, 1435]
[978, 979]
[1435, 522]
[1135, 824]
[979, 976]
[1291, 664]
[978, 976]
[572, 1393]
[1393, 571]
[956, 1011]
[956, 1004]
[1393, 570]
[549, 1393]
[550, 1393]
[1659, 281]
[548, 1393]
[1198, 740]
[504, 1435]
[612, 1327]
[703, 1233]
[970, 978]
[750, 1198]
[970, 979]
[970, 976]
[511, 1435]
[749, 1198]
[1135, 809]
[1659, 286]
[1233, 694]
[956, 970]
[533, 1393]
[1135, 789]
[1659, 264]
[956, 979]
[956, 978]
[1327, 606]
[956, 976]
[1327, 604]
[1659, 271]
[1659, 270]
[1659, 269]
[535, 1393]
[1004, 1198]
[1393, 809]
[970, 1233]
[1659, 548]
[772, 1435]
[533, 1659]
[1659, 535]
[750, 1435]
[749, 1435]
[956, 1233]
[979, 1198]
[978, 1198]
[1291, 885]
[1659, 522]
[789, 1393]
[855, 1327]
[1004, 1233]
[789, 1435]
[1659, 571]
[1659, 572]
[1659, 570]
[1393, 824]
[1233, 978]
[1011, 1198]
[1233, 976]
[1659, 550]
[1659, 549]
[1233, 979]
[885, 1327]
[1291, 978]
[1291, 979]
[1659, 612]
[1659, 606]
[1291, 976]
[970, 1291]
[1659, 604]
[1435, 824]
[1659, 589]
[855, 1393]
[1659, 592]
[1233, 1011]
[1435, 809]
[956, 1291]
[1291, 1011]
[1327, 976]
[970, 1327]
[1291, 1004]
[855, 1435]
[956, 1327]
[885, 1393]
[1327, 740]
[677, 1393]
[1659, 413]
[681, 1393]
[750, 1327]
[749, 1327]
[1659, 389]
[1659, 390]
[855, 1198]
[1659, 396]
[1233, 824]
[664, 1393]
[1291, 772]
[664, 1435]
[772, 1327]
[1659, 438]
[703, 1393]
[1291, 809]
[1659, 441]
[970, 1135]
[1135, 976]
[885, 1198]
[1291, 789]
[694, 1393]
[956, 1135]
[855, 1233]
[1659, 433]
[1393, 740]
[1659, 475]
[694, 1435]
[750, 1393]
[749, 1393]
[1327, 809]
[1135, 1004]
[703, 1435]
[1659, 479]
[681, 1435]
[789, 1327]
[885, 1233]
[1435, 677]
[1135, 978]
[1135, 979]
[1291, 824]
[772, 1393]
[1659, 504]
[1435, 740]
[976, 1198]
[1659, 511]
[970, 1198]
[1327, 824]
[1135, 1011]
[1291, 855]
[956, 1198]
[1435, 1011]
[1004, 1435]
[1135, 1327]
[1659, 789]
[1659, 809]
[1291, 1198]
[1659, 824]
[1291, 1233]
[1327, 1198]
[1659, 855]
[1135, 1393]
[1659, 885]
[1327, 979]
[1327, 978]
[1659, 664]
[885, 1435]
[1004, 1327]
[1135, 1198]
[1659, 677]
[1327, 1011]
[1659, 681]
[956, 1393]
[1659, 694]
[970, 1393]
[1659, 703]
[979, 1393]
[978, 1393]
[1135, 1233]
[976, 1393]
[956, 1435]
[1659, 740]
[1004, 1393]
[1011, 1393]
[970, 1435]
[978, 1435]
[979, 1435]
[1659, 749]
[1659, 750]
[1435, 976]
[1233, 1198]
[1659, 772]
[1291, 1135]
[1291, 1435]
[1327, 1393]
[1659, 1135]
[1327, 1435]
[956, 1659]
[1291, 1327]
[1393, 1198]
[1233, 1327]
[1135, 1435]
[1291, 1393]
[1659, 1004]
[1659, 1011]
[1233, 1435]
[1233, 1393]
[1659, 970]
[1435, 1198]
[1659, 976]
[1659, 978]
[1659, 979]
[1659, 1327]
[1659, 1291]
[1659, 1393]
[1659, 1198]
[1435, 1393]
[1659, 1233]
[1659, 1435]
