Number of itemsets: 26
Computation time: 88854907 Nano seconds

[38, 39, 41, 89]
[48, 39, 65, 41]
[38, 39, 36, 41]
[38, 39, 37, 41]
[48, 38, 41, 89]
[48, 39, 41, 89]
[32, 48, 38, 39]
[32, 48, 38, 41]
[48, 38, 39, 89]
[32, 38, 39, 41]
[48, 39, 110, 41]
[48, 38, 110, 41]
[48, 38, 39, 110]
[48, 38, 36, 41]
[48, 38, 39, 37]
[48, 38, 39, 36]
[38, 39, 110, 41]
[32, 48, 39, 41]
[48, 38, 39, 41]
[48, 39, 36, 41]
[170, 38, 39, 41]
[170, 48, 38, 39]
[170, 48, 38, 41]
[170, 48, 39, 41]
[48, 38, 39, 1327]
[48, 39, 1327, 41]
