Number of itemsets: 128
Computation time: 1308450545 Nano seconds

[48, 1327] : 20
[1327, 41] : 10
[237, 39] : 12
[39, 1327] : 24
[117, 976] : 7
[38, 1327] : 9
[39, 248] : 6
[39, 246] : 6
[237, 48] : 10
[39, 522] : 7
[535, 39] : 6
[533, 41] : 7
[533, 39] : 7
[475, 41] : 6
[39, 269] : 7
[475, 39] : 12
[39, 271] : 11
[41, 271] : 7
[38, 281] : 6
[48, 475] : 13
[39, 249] : 11
[248, 41] : 6
[39, 9] : 7
[255, 39] : 13
[255, 41] : 7
[48, 249] : 6
[259, 39] : 6
[41, 740] : 6
[38, 740] : 9
[39, 740] : 13
[255, 48] : 16
[32, 38] : 24
[39, 570] : 7
[32, 39] : 51
[39, 37] : 10
[310, 41] : 6
[38, 39] : 123
[36, 41] : 15
[37, 41] : 8
[39, 310] : 13
[38, 41] : 75
[32, 41] : 29
[38, 36] : 35
[855, 39] : 8
[38, 37] : 16
[39, 36] : 25
[38, 47] : 6
[48, 37] : 9
[48, 36] : 15
[39, 45] : 9
[48, 39] : 255
[38, 286] : 10
[48, 38] : 90
[592, 39] : 7
[39, 41] : 150
[32, 48] : 39
[39, 589] : 8
[48, 824] : 8
[55, 38] : 6
[38, 56] : 7
[48, 41] : 106
[49, 39] : 10
[48, 589] : 8
[39, 334] : 6
[39, 809] : 8
[533, 48] : 8
[39, 60] : 7
[49, 48] : 11
[340, 41] : 7
[48, 809] : 8
[548, 39] : 8
[39, 824] : 8
[65, 41] : 9
[65, 39] : 17
[340, 39] : 6
[39, 79] : 8
[48, 310] : 9
[548, 48] : 6
[48, 65] : 15
[550, 48] : 6
[38, 89] : 10
[79, 41] : 7
[48, 89] : 21
[39, 371] : 6
[38, 371] : 10
[101, 39] : 13
[38, 105] : 8
[101, 41] : 6
[39, 89] : 24
[41, 89] : 13
[39, 95] : 8
[357, 48] : 6
[39, 1198] : 8
[664, 39] : 7
[48, 110] : 18
[39, 105] : 7
[38, 110] : 36
[101, 48] : 12
[39, 110] : 21
[110, 41] : 18
[39, 349] : 6
[48, 123] : 7
[39, 123] : 6
[592, 48] : 7
[39, 604] : 7
[48, 381] : 6
[38, 390] : 7
[39, 150] : 6
[48, 855] : 9
[1233, 39] : 6
[39, 384] : 7
[39, 161] : 7
[155, 48] : 7
[48, 150] : 6
[155, 39] : 8
[39, 179] : 6
[170, 48] : 19
[170, 38] : 46
[170, 39] : 28
[170, 41] : 12
[39, 677] : 9
[39, 195] : 6
[677, 41] : 6
[48, 179] : 6
[441, 48] : 7
[39, 208] : 6
[48, 677] : 7
[441, 39] : 7
