Number of itemsets: 69
Computation time: 21573317 Nano seconds

[49, 48, 39] : 10
[39, 41, 740] : 6
[38, 39, 740] : 8
[592, 48, 39] : 6
[48, 39, 41] : 90
[48, 39, 589] : 6
[48, 65, 39] : 12
[170, 48, 41] : 6
[170, 48, 38] : 19
[48, 65, 41] : 7
[170, 48, 39] : 12
[48, 855, 39] : 6
[48, 39, 475] : 10
[48, 39, 310] : 8
[39, 65, 41] : 7
[39, 310, 41] : 6
[38, 39, 1327] : 9
[39, 1327, 41] : 10
[39, 41, 89] : 12
[38, 41, 89] : 8
[48, 38, 89] : 7
[38, 39, 89] : 8
[48, 39, 824] : 7
[38, 39, 110] : 21
[39, 110, 41] : 14
[48, 101, 39] : 8
[38, 110, 41] : 17
[48, 41, 89] : 10
[48, 39, 89] : 17
[38, 39, 105] : 6
[101, 39, 41] : 6
[48, 39, 809] : 7
[255, 48, 39] : 11
[48, 39, 110] : 14
[39, 41, 271] : 6
[48, 38, 110] : 18
[48, 110, 41] : 11
[533, 48, 41] : 6
[533, 48, 39] : 6
[237, 48, 39] : 10
[48, 39, 1327] : 16
[48, 39, 677] : 6
[48, 38, 1327] : 8
[48, 1327, 41] : 6
[38, 39, 371] : 6
[32, 38, 41] : 9
[32, 38, 39] : 16
[32, 48, 39] : 27
[38, 39, 41] : 58
[32, 48, 38] : 10
[39, 37, 41] : 6
[39, 36, 41] : 11
[38, 37, 41] : 8
[38, 36, 41] : 15
[170, 39, 41] : 10
[38, 39, 37] : 10
[38, 39, 36] : 23
[32, 39, 41] : 21
[170, 38, 41] : 12
[48, 38, 41] : 42
[170, 38, 39] : 27
[48, 38, 39] : 66
[48, 36, 41] : 7
[48, 39, 37] : 7
[48, 39, 36] : 10
[48, 38, 37] : 9
[48, 155, 39] : 6
[48, 38, 36] : 15
[32, 48, 41] : 14
