Number of itemsets: 22
Computation time: 9202309 Nano seconds

[48, 39, 110, 41] : 10
[38, 39, 41, 89] : 7
[48, 38, 110, 41] : 11
[48, 38, 39, 110] : 14
[48, 38, 36, 41] : 7
[48, 38, 39, 37] : 7
[48, 38, 39, 36] : 10
[32, 48, 39, 41] : 11
[38, 39, 110, 41] : 14
[48, 38, 39, 41] : 36
[48, 39, 36, 41] : 6
[170, 38, 39, 41] : 10
[38, 39, 36, 41] : 11
[38, 39, 37, 41] : 6
[48, 39, 41, 89] : 10
[32, 48, 38, 39] : 8
[170, 48, 38, 39] : 12
[170, 48, 38, 41] : 6
[48, 38, 39, 89] : 6
[48, 38, 39, 1327] : 8
[48, 39, 1327, 41] : 6
[32, 38, 39, 41] : 7
